              4   3
      635.000
      1210.00
      2155.00
      2800.00
      233.000       269.000         287.000
      233.000       269.000         287.000
      233.000       269.000         287.000
      233.000       269.000         287.000
    6.330000E-01    6.443334E-01    6.500000E-01    6.424444E-01
    6.137477E-01    6.250811E-01    6.307476E-01    6.231921E-01
    5.944954E-01    6.058288E-01    6.114953E-01    6.039398E-01
    5.752431E-01    5.865764E-01    5.922430E-01    5.846875E-01
    5.570042E-01    5.684152E-01    5.741207E-01    5.665134E-01
    5.401879E-01    5.517858E-01    5.575848E-01    5.498528E-01
    5.233716E-01    5.351564E-01    5.410488E-01    5.331922E-01
    5.065553E-01    5.185269E-01    5.245127E-01    5.165316E-01
    4.916960E-01    5.035383E-01    5.094594E-01    5.015646E-01
    4.771874E-01    4.888437E-01    4.946718E-01    4.869010E-01
    4.626788E-01    4.741491E-01    4.798842E-01    4.722373E-01
    4.485968E-01    4.599795E-01    4.656708E-01    4.580824E-01
    4.357044E-01    4.472739E-01    4.530586E-01    4.453456E-01
    4.228118E-01    4.345682E-01    4.404464E-01    4.326088E-01
    4.099194E-01    4.218625E-01    4.278342E-01    4.198720E-01
    3.980379E-01    4.099085E-01    4.158438E-01    4.079300E-01
    3.865982E-01    3.982827E-01    4.041250E-01    3.963353E-01
    3.751584E-01    3.866569E-01    3.924062E-01    3.847405E-01
    3.638124E-01    3.751249E-01    3.807811E-01    3.732394E-01
    3.532097E-01    3.643361E-01    3.698994E-01    3.624817E-01
    3.426069E-01    3.535474E-01    3.590176E-01    3.517240E-01
    3.320042E-01    3.427587E-01    3.481359E-01    3.409662E-01
    3.221164E-01    3.326844E-01    3.379684E-01    3.309231E-01
    3.128677E-01    3.232489E-01    3.284395E-01    3.215187E-01
    3.036190E-01    3.138133E-01    3.189105E-01    3.121143E-01
    2.943703E-01    3.043778E-01    3.093815E-01    3.027098E-01
    2.865003E-01    2.963217E-01    3.012324E-01    2.946848E-01
    2.786877E-01    2.883232E-01    2.931409E-01    2.867173E-01
    2.708752E-01    2.803246E-01    2.850493E-01    2.787497E-01
    2.633774E-01    2.726408E-01    2.772725E-01    2.710969E-01
    2.564019E-01    2.654793E-01    2.700180E-01    2.639664E-01
    2.494264E-01    2.583178E-01    2.627635E-01    2.568359E-01
    2.424510E-01    2.511563E-01    2.555090E-01    2.497054E-01
    2.372265E-01    2.458931E-01    2.502265E-01    2.444487E-01
    2.324618E-01    2.411285E-01    2.454619E-01    2.396841E-01
    2.276972E-01    2.363639E-01    2.406972E-01    2.349195E-01
    2.230624E-01    2.316874E-01    2.359999E-01    2.302499E-01
    2.188771E-01    2.273161E-01    2.315356E-01    2.259096E-01
    2.146918E-01    2.229448E-01    2.270713E-01    2.215693E-01
    2.105065E-01    2.185735E-01    2.226070E-01    2.172290E-01
    2.064887E-01    2.144887E-01    2.184887E-01    2.131553E-01
    2.025650E-01    2.105650E-01    2.145650E-01    2.092317E-01
    1.986413E-01    2.066413E-01    2.106413E-01    2.053080E-01
    1.947590E-01    2.027456E-01    2.067389E-01    2.014145E-01
    1.914108E-01    1.992114E-01    2.031117E-01    1.979113E-01
    1.880625E-01    1.956772E-01    1.994844E-01    1.944081E-01
    1.847143E-01    1.921429E-01    1.958572E-01    1.909048E-01
    1.815023E-01    1.888356E-01    1.925023E-01    1.876134E-01
    1.784331E-01    1.857664E-01    1.894331E-01    1.845442E-01
    1.753638E-01    1.826972E-01    1.863638E-01    1.814750E-01
    1.722946E-01    1.796280E-01    1.832946E-01    1.784057E-01
    1.697197E-01    1.770530E-01    1.807197E-01    1.758308E-01
    1.671973E-01    1.745306E-01    1.781972E-01    1.733084E-01
    1.646748E-01    1.720081E-01    1.756748E-01    1.707859E-01
    1.622499E-01    1.695208E-01    1.731562E-01    1.683090E-01
    1.600178E-01    1.671027E-01    1.706451E-01    1.659219E-01
    1.577858E-01    1.646846E-01    1.681340E-01    1.635348E-01
    1.555537E-01    1.622665E-01    1.656229E-01    1.611477E-01
    1.533215E-01    1.599882E-01    1.633215E-01    1.588771E-01
    1.510894E-01    1.577561E-01    1.610894E-01    1.566449E-01
    1.488572E-01    1.555239E-01    1.588572E-01    1.544128E-01
    1.466704E-01    1.533371E-01    1.566705E-01    1.522260E-01
    1.447086E-01    1.513752E-01    1.547086E-01    1.502641E-01
    1.427467E-01    1.494133E-01    1.527467E-01    1.483022E-01
    1.407848E-01    1.474514E-01    1.507848E-01    1.463403E-01
    1.389955E-01    1.455506E-01    1.488281E-01    1.444581E-01
    1.373214E-01    1.436905E-01    1.468750E-01    1.426290E-01
    1.356473E-01    1.418303E-01    1.449219E-01    1.407998E-01
    1.339776E-01    1.399746E-01    1.429731E-01    1.389751E-01
    1.325762E-01    1.383864E-01    1.412914E-01    1.374180E-01
    1.311748E-01    1.367981E-01    1.396098E-01    1.358609E-01
    1.297735E-01    1.352099E-01    1.379282E-01    1.343039E-01
    1.283749E-01    1.337083E-01    1.363749E-01    1.328194E-01
    1.269799E-01    1.323132E-01    1.349799E-01    1.314243E-01
    1.255848E-01    1.309182E-01    1.335848E-01    1.300293E-01
    1.241898E-01    1.295231E-01    1.321898E-01    1.286342E-01
    1.227947E-01    1.281280E-01    1.307947E-01    1.272391E-01
    1.213996E-01    1.267329E-01    1.293996E-01    1.258440E-01
    1.200045E-01    1.253378E-01    1.280045E-01    1.244489E-01
    1.187646E-01    1.240979E-01    1.267646E-01    1.232090E-01
    1.179238E-01    1.232571E-01    1.259238E-01    1.223682E-01
    1.170830E-01    1.224163E-01    1.250830E-01    1.215274E-01
    1.162421E-01    1.215755E-01    1.242421E-01    1.206866E-01
    1.156027E-01    1.208036E-01    1.234040E-01    1.199367E-01
    1.150446E-01    1.200595E-01    1.225670E-01    1.192237E-01
    1.144866E-01    1.193155E-01    1.217299E-01    1.185106E-01
    1.139282E-01    1.185949E-01    1.209282E-01    1.178171E-01
    1.133677E-01    1.180344E-01    1.203677E-01    1.172566E-01
    1.128072E-01    1.174738E-01    1.198072E-01    1.166961E-01
    1.122467E-01    1.169133E-01    1.192467E-01    1.161355E-01
    1.116875E-01    1.163542E-01    1.186875E-01    1.155764E-01
    1.111295E-01    1.157961E-01    1.181295E-01    1.150184E-01
    1.105714E-01    1.152381E-01    1.175714E-01    1.144603E-01
    1.100134E-01    1.146801E-01    1.170134E-01    1.139023E-01
    1.094554E-01    1.141220E-01    1.164554E-01    1.133443E-01
    1.088973E-01    1.135640E-01    1.158973E-01    1.127862E-01
    1.083393E-01    1.130060E-01    1.153393E-01    1.122282E-01
    1.078901E-01    1.125568E-01    1.148901E-01    1.117790E-01
    1.076099E-01    1.122765E-01    1.146099E-01    1.114988E-01
    1.073296E-01    1.119963E-01    1.143296E-01    1.112185E-01
    1.070493E-01    1.117160E-01    1.140493E-01    1.109382E-01
    1.067701E-01    1.114367E-01    1.137701E-01    1.106590E-01
    1.064911E-01    1.111577E-01    1.134911E-01    1.103800E-01
    1.062120E-01    1.108787E-01    1.132120E-01    1.101009E-01
    1.060000E-01    1.106220E-01    1.129330E-01    1.098517E-01
    1.060000E-01    1.104360E-01    1.126540E-01    1.096967E-01
    1.060000E-01    1.102500E-01    1.123750E-01    1.095417E-01
    1.060000E-01    1.100640E-01    1.120960E-01    1.093867E-01
    1.058162E-01    1.099387E-01    1.120000E-01    1.092516E-01
    1.055359E-01    1.098453E-01    1.120000E-01    1.091271E-01
    1.052556E-01    1.097519E-01    1.120000E-01    1.090025E-01
    1.050000E-01    1.096503E-01    1.119754E-01    1.088752E-01
    1.050000E-01    1.094643E-01    1.116964E-01    1.087202E-01
    1.050000E-01    1.092783E-01    1.114174E-01    1.085652E-01
    1.050000E-01    1.090923E-01    1.111384E-01    1.084102E-01
    1.050000E-01    1.090000E-01    1.110000E-01    1.083333E-01
    1.050000E-01    1.090000E-01    1.110000E-01    1.083333E-01
    1.050000E-01    1.090000E-01    1.110000E-01    1.083333E-01
    1.050000E-01    1.090000E-01    1.110000E-01    1.083333E-01
    1.050000E-01    1.090000E-01    1.110000E-01    1.083333E-01
    1.050000E-01    1.090000E-01    1.110000E-01    1.083333E-01
    1.050000E-01    1.090000E-01    1.110000E-01    1.083333E-01
    1.050000E-01    1.090000E-01    1.110000E-01    1.083333E-01
    1.050000E-01    1.090000E-01    1.110000E-01    1.083333E-01
    1.050000E-01    1.090000E-01    1.110000E-01    1.083333E-01
    1.050000E-01    1.090000E-01    1.110000E-01    1.083333E-01
    1.050000E-01    1.090000E-01    1.110000E-01    1.083333E-01
    1.050000E-01    1.090000E-01    1.110000E-01    1.083333E-01
    1.050000E-01    1.090000E-01    1.110000E-01    1.083333E-01
    1.050000E-01    1.090000E-01    1.110000E-01    1.083333E-01
    1.050000E-01    1.090000E-01    1.110000E-01    1.083333E-01
    1.050000E-01    1.090000E-01    1.110000E-01    1.083333E-01
    1.050000E-01    1.090000E-01    1.110000E-01    1.083333E-01
    1.048273E-01    1.089424E-01    1.110000E-01    1.082566E-01
    1.045471E-01    1.088490E-01    1.110000E-01    1.081320E-01
    1.042668E-01    1.087556E-01    1.110000E-01    1.080075E-01
    1.040000E-01    1.086667E-01    1.110000E-01    1.078889E-01
    1.040000E-01    1.086667E-01    1.110000E-01    1.078889E-01
    1.040000E-01    1.086667E-01    1.110000E-01    1.078889E-01
    1.040000E-01    1.086667E-01    1.110000E-01    1.078889E-01
    1.040000E-01    1.086667E-01    1.110000E-01    1.078889E-01
    1.040000E-01    1.086667E-01    1.110000E-01    1.078889E-01
    1.040000E-01    1.086667E-01    1.110000E-01    1.078889E-01
    1.040000E-01    1.086667E-01    1.110000E-01    1.078889E-01
    1.040000E-01    1.086667E-01    1.110000E-01    1.078889E-01
    1.040000E-01    1.086667E-01    1.110000E-01    1.078889E-01
    1.040000E-01    1.086667E-01    1.110000E-01    1.078889E-01
    1.040871E-01    1.086957E-01    1.110000E-01    1.079276E-01
    1.043661E-01    1.087887E-01    1.110000E-01    1.080516E-01
    1.046451E-01    1.088817E-01    1.110000E-01    1.081756E-01
    1.049241E-01    1.089747E-01    1.110000E-01    1.082996E-01
    1.050000E-01    1.090000E-01    1.110000E-01    1.083333E-01
    1.050000E-01    1.090000E-01    1.110000E-01    1.083333E-01
    1.050000E-01    1.090000E-01    1.110000E-01    1.083333E-01
    1.050000E-01    1.090000E-01    1.110000E-01    1.083333E-01
    1.050000E-01    1.090000E-01    1.110000E-01    1.083333E-01
    1.050000E-01    1.090000E-01    1.110000E-01    1.083333E-01
    1.050000E-01    1.090000E-01    1.110000E-01    1.083333E-01
    1.050000E-01    1.091071E-01    1.111607E-01    1.084226E-01
    1.050000E-01    1.092931E-01    1.114397E-01    1.085776E-01
    1.050000E-01    1.094792E-01    1.117187E-01    1.087326E-01
    1.050000E-01    1.096652E-01    1.119978E-01    1.088877E-01
    1.052780E-01    1.097593E-01    1.120000E-01    1.090125E-01
    1.055583E-01    1.098528E-01    1.120000E-01    1.091370E-01
    1.058386E-01    1.099462E-01    1.120000E-01    1.092616E-01
    1.060000E-01    1.100000E-01    1.120000E-01    1.093333E-01
    1.060000E-01    1.100000E-01    1.120000E-01    1.093333E-01
    1.060000E-01    1.100000E-01    1.120000E-01    1.093333E-01
    1.060000E-01    1.100000E-01    1.120000E-01    1.093333E-01
    1.062344E-01    1.102344E-01    1.122344E-01    1.095677E-01
    1.065134E-01    1.105134E-01    1.125134E-01    1.098467E-01
    1.067924E-01    1.107924E-01    1.127924E-01    1.101257E-01
    1.070000E-01    1.110000E-01    1.130000E-01    1.103333E-01
    1.070000E-01    1.110000E-01    1.130000E-01    1.103333E-01
    1.070000E-01    1.110000E-01    1.130000E-01    1.103333E-01
    1.070000E-01    1.110000E-01    1.130000E-01    1.103333E-01
    1.070000E-01    1.111280E-01    1.131920E-01    1.104400E-01
    1.070000E-01    1.113140E-01    1.134710E-01    1.105950E-01
    1.070000E-01    1.115000E-01    1.137500E-01    1.107500E-01
    1.070290E-01    1.116763E-01    1.140000E-01    1.109018E-01
    1.073080E-01    1.117693E-01    1.140000E-01    1.110258E-01
    1.075871E-01    1.118624E-01    1.140000E-01    1.111498E-01
    1.078661E-01    1.119554E-01    1.140000E-01    1.112738E-01
    1.080000E-01    1.120000E-01    1.140000E-01    1.113333E-01
    1.080000E-01    1.120000E-01    1.140000E-01    1.113333E-01
    1.080000E-01    1.120000E-01    1.140000E-01    1.113333E-01
    1.080000E-01    1.120000E-01    1.140000E-01    1.113333E-01
    1.080000E-01    1.120000E-01    1.140000E-01    1.113333E-01
    1.080000E-01    1.120000E-01    1.140000E-01    1.113333E-01
    1.080000E-01    1.120000E-01    1.140000E-01    1.113333E-01
    1.080000E-01    1.120687E-01    1.141031E-01    1.113906E-01
    1.080000E-01    1.122556E-01    1.143834E-01    1.115463E-01
    1.080000E-01    1.124424E-01    1.146637E-01    1.117020E-01
    1.080000E-01    1.126293E-01    1.149440E-01    1.118577E-01
    1.082232E-01    1.127411E-01    1.150000E-01    1.119881E-01
    1.085022E-01    1.128341E-01    1.150000E-01    1.121121E-01
    1.087813E-01    1.129271E-01    1.150000E-01    1.122361E-01
    1.090000E-01    1.130402E-01    1.150603E-01    1.123668E-01
    1.090000E-01    1.132262E-01    1.153393E-01    1.125218E-01
    1.090000E-01    1.134122E-01    1.156183E-01    1.126768E-01
    1.090000E-01    1.135982E-01    1.158973E-01    1.128319E-01
    1.091771E-01    1.137257E-01    1.160000E-01    1.129676E-01
    1.094574E-01    1.138191E-01    1.160000E-01    1.130922E-01
    1.097377E-01    1.139125E-01    1.160000E-01    1.132167E-01
    1.100000E-01    1.140119E-01    1.160178E-01    1.133432E-01
    1.100000E-01    1.141979E-01    1.162969E-01    1.134982E-01
    1.100000E-01    1.143839E-01    1.165759E-01    1.136533E-01
    1.100000E-01    1.145699E-01    1.168549E-01    1.138083E-01
    1.101345E-01    1.147115E-01    1.170000E-01    1.139487E-01
    1.104148E-01    1.148049E-01    1.170000E-01    1.140732E-01
    1.106951E-01    1.148984E-01    1.170000E-01    1.141978E-01
    1.109753E-01    1.149918E-01    1.170000E-01    1.143224E-01
    1.110000E-01    1.150000E-01    1.170000E-01    1.143333E-01
    1.110000E-01    1.150000E-01    1.170000E-01    1.143333E-01
    1.110000E-01    1.150000E-01    1.170000E-01    1.143333E-01
    1.110000E-01    1.150000E-01    1.170000E-01    1.143333E-01
    1.110000E-01    1.150000E-01    1.170000E-01    1.143333E-01
    1.110000E-01    1.150000E-01    1.170000E-01    1.143333E-01
    1.110000E-01    1.150000E-01    1.170000E-01    1.143333E-01
    1.110000E-01    1.151390E-01    1.172085E-01    1.144492E-01
    1.110000E-01    1.153259E-01    1.174888E-01    1.146049E-01
    1.110000E-01    1.155127E-01    1.177691E-01    1.147606E-01
    1.110000E-01    1.156667E-01    1.180000E-01    1.148889E-01
    1.110000E-01    1.156667E-01    1.180000E-01    1.148889E-01
    1.110000E-01    1.156667E-01    1.180000E-01    1.148889E-01
    1.110000E-01    1.156667E-01    1.180000E-01    1.148889E-01
    1.110000E-01    1.156667E-01    1.180000E-01    1.148889E-01
    1.110000E-01    1.156667E-01    1.180000E-01    1.148889E-01
    1.110000E-01    1.156667E-01    1.180000E-01    1.148889E-01
    1.110022E-01    1.156674E-01    1.180000E-01    1.148899E-01
    1.112825E-01    1.157608E-01    1.180000E-01    1.150145E-01
    1.115628E-01    1.158543E-01    1.180000E-01    1.151390E-01
    1.118431E-01    1.159477E-01    1.180000E-01    1.152636E-01
    1.120000E-01    1.160818E-01    1.181228E-01    1.154015E-01
    1.120000E-01    1.162679E-01    1.184018E-01    1.155566E-01
    1.120000E-01    1.164539E-01    1.186808E-01    1.157116E-01
    1.120000E-01    1.166399E-01    1.189598E-01    1.158666E-01
    1.120000E-01    1.166667E-01    1.190000E-01    1.158889E-01
    1.120000E-01    1.166667E-01    1.190000E-01    1.158889E-01
    1.120000E-01    1.166667E-01    1.190000E-01    1.158889E-01
    1.120000E-01    1.166667E-01    1.190000E-01    1.158889E-01
    1.120000E-01    1.166667E-01    1.190000E-01    1.158889E-01
    1.120000E-01    1.166667E-01    1.190000E-01    1.158889E-01
    1.120000E-01    1.166667E-01    1.190000E-01    1.158889E-01
    1.120000E-01    1.166667E-01    1.190000E-01    1.158889E-01
    1.120000E-01    1.166667E-01    1.190000E-01    1.158889E-01
    1.120000E-01    1.166667E-01    1.190000E-01    1.158889E-01
    1.120000E-01    1.166442E-01    1.189664E-01    1.158702E-01
    1.120000E-01    1.164574E-01    1.186861E-01    1.157145E-01
    1.120000E-01    1.162706E-01    1.184058E-01    1.155588E-01
    1.120000E-01    1.160837E-01    1.181256E-01    1.154031E-01
    1.120000E-01    1.160000E-01    1.180000E-01    1.153333E-01
    1.120000E-01    1.160000E-01    1.180000E-01    1.153333E-01
    1.120000E-01    1.160000E-01    1.180000E-01    1.153333E-01
    1.120000E-01    1.160000E-01    1.180000E-01    1.153333E-01
    1.117299E-01    1.159100E-01    1.180000E-01    1.152133E-01
    1.114509E-01    1.158170E-01    1.180000E-01    1.150893E-01
    1.111719E-01    1.157240E-01    1.180000E-01    1.149653E-01
    1.110000E-01    1.156667E-01    1.180000E-01    1.148889E-01
    1.110000E-01    1.156667E-01    1.180000E-01    1.148889E-01
    1.110000E-01    1.156667E-01    1.180000E-01    1.148889E-01
    1.110000E-01    1.156667E-01    1.180000E-01    1.148889E-01
    1.110000E-01    1.156667E-01    1.180000E-01    1.148889E-01
    1.110000E-01    1.156667E-01    1.180000E-01    1.148889E-01
    1.110000E-01    1.156667E-01    1.180000E-01    1.148889E-01
    1.110000E-01    1.156667E-01    1.180000E-01    1.148889E-01
    1.110000E-01    1.156667E-01    1.180000E-01    1.148889E-01
    1.110000E-01    1.156667E-01    1.180000E-01    1.148889E-01
    1.110000E-01    1.156667E-01    1.180000E-01    1.148889E-01
    1.110000E-01    1.155432E-01    1.178147E-01    1.147860E-01
    1.110000E-01    1.153571E-01    1.175357E-01    1.146310E-01
    1.110000E-01    1.151711E-01    1.172567E-01    1.144759E-01
    1.110000E-01    1.150000E-01    1.170000E-01    1.143333E-01
    1.110000E-01    1.150000E-01    1.170000E-01    1.143333E-01
    1.110000E-01    1.150000E-01    1.170000E-01    1.143333E-01
    1.110000E-01    1.150000E-01    1.170000E-01    1.143333E-01
    1.110000E-01    1.150000E-01    1.170000E-01    1.143333E-01
    1.110000E-01    1.150000E-01    1.170000E-01    1.143333E-01
    1.110000E-01    1.150000E-01    1.170000E-01    1.143333E-01
    1.110000E-01    1.150000E-01    1.170000E-01    1.143333E-01
    1.107411E-01    1.149137E-01    1.170000E-01    1.142183E-01
    1.104620E-01    1.148207E-01    1.170000E-01    1.140942E-01
    1.101830E-01    1.147277E-01    1.170000E-01    1.139702E-01
    1.100000E-01    1.146667E-01    1.170000E-01    1.138889E-01
    1.100000E-01    1.146667E-01    1.170000E-01    1.138889E-01
    1.100000E-01    1.146667E-01    1.170000E-01    1.138889E-01
    1.100000E-01    1.146667E-01    1.170000E-01    1.138889E-01
    1.100000E-01    1.145223E-01    1.167835E-01    1.137686E-01
    1.100000E-01    1.143363E-01    1.165045E-01    1.136136E-01
    1.100000E-01    1.141503E-01    1.162254E-01    1.134586E-01
    1.100000E-01    1.140000E-01    1.160000E-01    1.133333E-01
    1.100000E-01    1.140000E-01    1.160000E-01    1.133333E-01
    1.100000E-01    1.140000E-01    1.160000E-01    1.133333E-01
    1.100000E-01    1.140000E-01    1.160000E-01    1.133333E-01
    1.098296E-01    1.138296E-01    1.158296E-01    1.131629E-01
    1.095493E-01    1.135493E-01    1.155493E-01    1.128826E-01
    1.092691E-01    1.132690E-01    1.152691E-01    1.126024E-01
    1.090000E-01    1.130000E-01    1.150000E-01    1.123333E-01
    1.090000E-01    1.130000E-01    1.150000E-01    1.123333E-01
    1.090000E-01    1.130000E-01    1.150000E-01    1.123333E-01
    1.090000E-01    1.130000E-01    1.150000E-01    1.123333E-01
    1.088728E-01    1.128728E-01    1.148728E-01    1.122061E-01
    1.085938E-01    1.125938E-01    1.145938E-01    1.119271E-01
    1.083147E-01    1.123147E-01    1.143147E-01    1.116481E-01
    1.080357E-01    1.120357E-01    1.140357E-01    1.113691E-01
    1.080000E-01    1.120000E-01    1.140000E-01    1.113333E-01
    1.080000E-01    1.120000E-01    1.140000E-01    1.113333E-01
    1.080000E-01    1.120000E-01    1.140000E-01    1.113333E-01
    1.079152E-01    1.119152E-01    1.139152E-01    1.112485E-01
    1.076362E-01    1.116362E-01    1.136362E-01    1.109695E-01
    1.073571E-01    1.113571E-01    1.133571E-01    1.106905E-01
    1.070781E-01    1.110781E-01    1.130781E-01    1.104115E-01
    1.070000E-01    1.110000E-01    1.130000E-01    1.103333E-01
    1.070000E-01    1.110000E-01    1.130000E-01    1.103333E-01
    1.070000E-01    1.110000E-01    1.130000E-01    1.103333E-01
    1.069576E-01    1.109576E-01    1.129576E-01    1.102909E-01
    1.066786E-01    1.106786E-01    1.126786E-01    1.100119E-01
    1.063996E-01    1.103996E-01    1.123996E-01    1.097329E-01
    1.061205E-01    1.101205E-01    1.121205E-01    1.094539E-01
    1.060000E-01    1.100000E-01    1.120000E-01    1.093333E-01
    1.060000E-01    1.100000E-01    1.120000E-01    1.093333E-01
    1.060000E-01    1.100000E-01    1.120000E-01    1.093333E-01
    1.060000E-01    1.100000E-01    1.120000E-01    1.093333E-01
    1.060000E-01    1.100000E-01    1.120000E-01    1.093333E-01
    1.060000E-01    1.100000E-01    1.120000E-01    1.093333E-01
    1.060000E-01    1.100000E-01    1.120000E-01    1.093333E-01
    1.058839E-01    1.098839E-01    1.118839E-01    1.092172E-01
    1.056049E-01    1.096049E-01    1.116049E-01    1.089382E-01
    1.053259E-01    1.093259E-01    1.113259E-01    1.086592E-01
    1.050469E-01    1.090469E-01    1.110469E-01    1.083802E-01
    1.050000E-01    1.090000E-01    1.110000E-01    1.083333E-01
    1.050000E-01    1.090000E-01    1.110000E-01    1.083333E-01
    1.050000E-01    1.090000E-01    1.110000E-01    1.083333E-01
    1.050000E-01    1.090000E-01    1.110000E-01    1.083333E-01
    1.050000E-01    1.090000E-01    1.110000E-01    1.083333E-01
    1.050000E-01    1.090000E-01    1.110000E-01    1.083333E-01
    1.050000E-01    1.090000E-01    1.110000E-01    1.083333E-01
    1.050000E-01    1.090000E-01    1.110000E-01    1.083333E-01
    1.050000E-01    1.090000E-01    1.110000E-01    1.083333E-01
    1.050000E-01    1.090000E-01    1.110000E-01    1.083333E-01
    1.050000E-01    1.089821E-01    1.109731E-01    1.083184E-01
    1.050000E-01    1.087952E-01    1.106928E-01    1.081627E-01
    1.050000E-01    1.086084E-01    1.104126E-01    1.080070E-01
    1.050000E-01    1.084215E-01    1.101323E-01    1.078513E-01
    1.048527E-01    1.082842E-01    1.100000E-01    1.077123E-01
    1.045737E-01    1.081912E-01    1.100000E-01    1.075883E-01
    1.042946E-01    1.080982E-01    1.100000E-01    1.074643E-01
    1.040156E-01    1.080052E-01    1.100000E-01    1.073403E-01
    1.040000E-01    1.080000E-01    1.100000E-01    1.073333E-01
    1.040000E-01    1.080000E-01    1.100000E-01    1.073333E-01
    1.040000E-01    1.080000E-01    1.100000E-01    1.073333E-01
    1.040000E-01    1.080000E-01    1.100000E-01    1.073333E-01
    1.040000E-01    1.080000E-01    1.100000E-01    1.073333E-01
    1.040000E-01    1.080000E-01    1.100000E-01    1.073333E-01
    1.040000E-01    1.080000E-01    1.100000E-01    1.073333E-01
    1.040000E-01    1.078527E-01    1.097790E-01    1.072106E-01
    1.040000E-01    1.076667E-01    1.095000E-01    1.070556E-01
    1.040000E-01    1.074807E-01    1.092210E-01    1.069006E-01
    1.040000E-01    1.073333E-01    1.090000E-01    1.067778E-01
    1.040000E-01    1.073333E-01    1.090000E-01    1.067778E-01
    1.040000E-01    1.073333E-01    1.090000E-01    1.067778E-01
    1.040000E-01    1.073333E-01    1.090000E-01    1.067778E-01
    1.040000E-01    1.073333E-01    1.090000E-01    1.067778E-01
    1.040000E-01    1.073333E-01    1.090000E-01    1.067778E-01
    1.040000E-01    1.073333E-01    1.090000E-01    1.067778E-01
    1.039844E-01    1.073281E-01    1.090000E-01    1.067708E-01
    1.037054E-01    1.072351E-01    1.090000E-01    1.066468E-01
    1.034264E-01    1.071421E-01    1.090000E-01    1.065228E-01
    1.031473E-01    1.070491E-01    1.090000E-01    1.063988E-01
    1.030000E-01    1.070000E-01    1.090000E-01    1.063333E-01
    1.030000E-01    1.070000E-01    1.090000E-01    1.063333E-01
    1.030000E-01    1.070000E-01    1.090000E-01    1.063333E-01
    1.030000E-01    1.070000E-01    1.090000E-01    1.063333E-01
    1.030000E-01    1.070000E-01    1.090000E-01    1.063333E-01
    1.030000E-01    1.070000E-01    1.090000E-01    1.063333E-01
    1.030000E-01    1.070000E-01    1.090000E-01    1.063333E-01
    1.030000E-01    1.070000E-01    1.090000E-01    1.063333E-01
    1.030000E-01    1.070000E-01    1.090000E-01    1.063333E-01
    1.030000E-01    1.070000E-01    1.090000E-01    1.063333E-01
    1.030000E-01    1.070000E-01    1.090000E-01    1.063333E-01
    1.030000E-01    1.070000E-01    1.090000E-01    1.063333E-01
    1.030000E-01    1.070000E-01    1.090000E-01    1.063333E-01
    1.030000E-01    1.070000E-01    1.090000E-01    1.063333E-01
    1.030000E-01    1.070000E-01    1.090000E-01    1.063333E-01
    1.030000E-01    1.070000E-01    1.090000E-01    1.063333E-01
    1.030000E-01    1.070000E-01    1.090000E-01    1.063333E-01
    1.030000E-01    1.070000E-01    1.090000E-01    1.063333E-01
    1.030000E-01    1.070000E-01    1.090000E-01    1.063333E-01
    1.030000E-01    1.070000E-01    1.090000E-01    1.063333E-01
    1.030000E-01    1.070000E-01    1.090000E-01    1.063333E-01
    1.030000E-01    1.070000E-01    1.090000E-01    1.063333E-01
    1.030000E-01    1.070000E-01    1.090000E-01    1.063333E-01
    1.030000E-01    1.070000E-01    1.090000E-01    1.063333E-01
    1.030000E-01    1.070000E-01    1.090000E-01    1.063333E-01
    1.030000E-01    1.069196E-01    1.088794E-01    1.062664E-01
    1.030000E-01    1.067336E-01    1.086004E-01    1.061113E-01
    1.030000E-01    1.065476E-01    1.083214E-01    1.059563E-01
    1.030000E-01    1.063616E-01    1.080424E-01    1.058013E-01
    1.030000E-01    1.063333E-01    1.080000E-01    1.057778E-01
    1.030000E-01    1.063333E-01    1.080000E-01    1.057778E-01
    1.030000E-01    1.063333E-01    1.080000E-01    1.057778E-01
    1.030000E-01    1.063333E-01    1.080000E-01    1.057778E-01
    1.030000E-01    1.063333E-01    1.080000E-01    1.057778E-01
    1.030000E-01    1.063333E-01    1.080000E-01    1.057778E-01
    1.030000E-01    1.063333E-01    1.080000E-01    1.057778E-01
    1.030000E-01    1.063333E-01    1.080000E-01    1.057778E-01
    1.030000E-01    1.063333E-01    1.080000E-01    1.057778E-01
    1.030000E-01    1.063333E-01    1.080000E-01    1.057778E-01
    1.030000E-01    1.063333E-01    1.080000E-01    1.057778E-01
    1.030000E-01    1.063333E-01    1.080000E-01    1.057778E-01
    1.030000E-01    1.063333E-01    1.080000E-01    1.057778E-01
    1.030000E-01    1.063333E-01    1.080000E-01    1.057778E-01
    1.030000E-01    1.063333E-01    1.080000E-01    1.057778E-01
    1.030000E-01    1.063333E-01    1.080000E-01    1.057778E-01
    1.030000E-01    1.063333E-01    1.080000E-01    1.057778E-01
    1.030000E-01    1.063333E-01    1.080000E-01    1.057778E-01
    1.030000E-01    1.063333E-01    1.080000E-01    1.057778E-01
    1.030000E-01    1.063333E-01    1.080000E-01    1.057778E-01
    1.030000E-01    1.063333E-01    1.080000E-01    1.057778E-01
    1.030000E-01    1.063333E-01    1.080000E-01    1.057778E-01
    1.030000E-01    1.063333E-01    1.080000E-01    1.057778E-01
    1.030000E-01    1.063333E-01    1.080000E-01    1.057778E-01
    1.030000E-01    1.063333E-01    1.080000E-01    1.057778E-01
    1.030000E-01    1.063333E-01    1.080000E-01    1.057778E-01
    1.030000E-01    1.063333E-01    1.080000E-01    1.057778E-01
    1.030000E-01    1.063333E-01    1.080000E-01    1.057778E-01
    1.030000E-01    1.063333E-01    1.080000E-01    1.057778E-01
    1.030000E-01    1.063333E-01    1.080000E-01    1.057778E-01
    1.030000E-01    1.063333E-01    1.080000E-01    1.057778E-01
    1.030000E-01    1.063333E-01    1.080000E-01    1.057778E-01
    1.030000E-01    1.063333E-01    1.080000E-01    1.057778E-01
    1.030000E-01    1.063333E-01    1.080000E-01    1.057778E-01
    1.030000E-01    1.063333E-01    1.080000E-01    1.057778E-01
    1.030000E-01    1.063333E-01    1.080000E-01    1.057778E-01
    1.030000E-01    1.063333E-01    1.080000E-01    1.057778E-01
    1.030000E-01    1.063333E-01    1.080000E-01    1.057778E-01
    1.030000E-01    1.063333E-01    1.080000E-01    1.057778E-01
    1.030000E-01    1.063333E-01    1.080000E-01    1.057778E-01
    1.030000E-01    1.063333E-01    1.080000E-01    1.057778E-01
    1.030000E-01    1.063333E-01    1.080000E-01    1.057778E-01
    1.030000E-01    1.063333E-01    1.080000E-01    1.057778E-01
    1.030000E-01    1.063333E-01    1.080000E-01    1.057778E-01
    1.030000E-01    1.063333E-01    1.080000E-01    1.057778E-01
    1.030000E-01    1.063333E-01    1.080000E-01    1.057778E-01
    1.030000E-01    1.063333E-01    1.080000E-01    1.057778E-01
    1.030000E-01    1.063333E-01    1.080000E-01    1.057778E-01
    1.030000E-01    1.063333E-01    1.080000E-01    1.057778E-01
    1.030000E-01    1.063333E-01    1.080000E-01    1.057778E-01
    1.030000E-01    1.063333E-01    1.080000E-01    1.057778E-01
    1.030000E-01    1.063333E-01    1.080000E-01    1.057778E-01
    1.030000E-01    1.063333E-01    1.080000E-01    1.057778E-01
    1.030000E-01    1.063333E-01    1.080000E-01    1.057778E-01
    1.030000E-01    1.063333E-01    1.080000E-01    1.057778E-01
    1.030000E-01    1.063333E-01    1.080000E-01    1.057778E-01
    1.030000E-01    1.063333E-01    1.080000E-01    1.057778E-01
    1.030000E-01    1.063333E-01    1.080000E-01    1.057778E-01
    1.030000E-01    1.063333E-01    1.080000E-01    1.057778E-01
    1.030000E-01    1.063333E-01    1.080000E-01    1.057778E-01
    1.030000E-01    1.063333E-01    1.080000E-01    1.057778E-01
    1.030000E-01    1.063333E-01    1.080000E-01    1.057778E-01
    1.030000E-01    1.063333E-01    1.080000E-01    1.057778E-01
    1.030000E-01    1.063333E-01    1.080000E-01    1.057778E-01
    1.030000E-01    1.063333E-01    1.080000E-01    1.057778E-01
    1.030000E-01    1.063333E-01    1.080000E-01    1.057778E-01
    1.030000E-01    1.063333E-01    1.080000E-01    1.057778E-01
    1.030000E-01    1.063333E-01    1.080000E-01    1.057778E-01
    1.030000E-01    1.063333E-01    1.080000E-01    1.057778E-01
    1.030000E-01    1.063333E-01    1.080000E-01    1.057778E-01
    1.030000E-01    1.063333E-01    1.080000E-01    1.057778E-01
    1.030000E-01    1.063333E-01    1.080000E-01    1.057778E-01
    1.030000E-01    1.063333E-01    1.080000E-01    1.057778E-01
    1.030000E-01    1.063333E-01    1.080000E-01    1.057778E-01
    1.030000E-01    1.063333E-01    1.080000E-01    1.057778E-01
    1.030000E-01    1.063333E-01    1.080000E-01    1.057778E-01
    1.030000E-01    1.063333E-01    1.080000E-01    1.057778E-01
    1.030000E-01    1.063333E-01    1.080000E-01    1.057778E-01
    1.030000E-01    1.063601E-01    1.080402E-01    1.058001E-01
    1.030000E-01    1.065461E-01    1.083192E-01    1.059551E-01
    1.030000E-01    1.067321E-01    1.085982E-01    1.061101E-01
    1.030000E-01    1.069181E-01    1.088772E-01    1.062651E-01
    1.031569E-01    1.070523E-01    1.090000E-01    1.064031E-01
    1.034372E-01    1.071457E-01    1.090000E-01    1.065276E-01
    1.037175E-01    1.072392E-01    1.090000E-01    1.066522E-01
    1.039978E-01    1.073326E-01    1.090000E-01    1.067768E-01
    1.040000E-01    1.073333E-01    1.090000E-01    1.067778E-01
    1.040000E-01    1.073333E-01    1.090000E-01    1.067778E-01
    1.040000E-01    1.073333E-01    1.090000E-01    1.067778E-01
    1.040000E-01    1.073333E-01    1.090000E-01    1.067778E-01
    1.040000E-01    1.073333E-01    1.090000E-01    1.067778E-01
    1.040000E-01    1.073333E-01    1.090000E-01    1.067778E-01
    1.040000E-01    1.073333E-01    1.090000E-01    1.067778E-01
    1.040000E-01    1.073333E-01    1.090000E-01    1.067778E-01
    1.040000E-01    1.073333E-01    1.090000E-01    1.067778E-01
    1.040000E-01    1.073333E-01    1.090000E-01    1.067778E-01
    1.040000E-01    1.073333E-01    1.090000E-01    1.067778E-01
    1.040000E-01    1.073333E-01    1.090000E-01    1.067778E-01
    1.040000E-01    1.073333E-01    1.090000E-01    1.067778E-01
    1.040000E-01    1.073333E-01    1.090000E-01    1.067778E-01
    1.040000E-01    1.073333E-01    1.090000E-01    1.067778E-01
    1.040000E-01    1.073333E-01    1.090000E-01    1.067778E-01
    1.040000E-01    1.073333E-01    1.090000E-01    1.067778E-01
    1.040000E-01    1.073333E-01    1.090000E-01    1.067778E-01
    1.040000E-01    1.073333E-01    1.090000E-01    1.067778E-01
    1.040000E-01    1.073333E-01    1.090000E-01    1.067778E-01
    1.040000E-01    1.073333E-01    1.090000E-01    1.067778E-01
    1.040000E-01    1.073333E-01    1.090000E-01    1.067778E-01
    1.040000E-01    1.073333E-01    1.090000E-01    1.067778E-01
    1.040000E-01    1.073333E-01    1.090000E-01    1.067778E-01
    1.040000E-01    1.073333E-01    1.090000E-01    1.067778E-01
    1.040000E-01    1.073333E-01    1.090000E-01    1.067778E-01
    1.040000E-01    1.073333E-01    1.090000E-01    1.067778E-01
    1.040000E-01    1.073333E-01    1.090000E-01    1.067778E-01
    1.040000E-01    1.074018E-01    1.091027E-01    1.068348E-01
    1.040000E-01    1.075878E-01    1.093817E-01    1.069898E-01
    1.040000E-01    1.077738E-01    1.096607E-01    1.071448E-01
    1.040000E-01    1.079598E-01    1.099397E-01    1.072998E-01
    1.042187E-01    1.080729E-01    1.100000E-01    1.074306E-01
    1.044978E-01    1.081659E-01    1.100000E-01    1.075546E-01
    1.047768E-01    1.082589E-01    1.100000E-01    1.076786E-01
    1.050000E-01    1.083333E-01    1.100000E-01    1.077778E-01
    1.050000E-01    1.083333E-01    1.100000E-01    1.077778E-01
    1.050000E-01    1.083333E-01    1.100000E-01    1.077778E-01
    1.050000E-01    1.083333E-01    1.100000E-01    1.077778E-01
    1.050000E-01    1.083333E-01    1.100000E-01    1.077778E-01
    1.050000E-01    1.083333E-01    1.100000E-01    1.077778E-01
    1.050000E-01    1.083333E-01    1.100000E-01    1.077778E-01
    1.050000E-01    1.083333E-01    1.100000E-01    1.077778E-01
    1.050000E-01    1.083333E-01    1.100000E-01    1.077778E-01
    1.050000E-01    1.083333E-01    1.100000E-01    1.077778E-01
    1.050000E-01    1.083333E-01    1.100000E-01    1.077778E-01
    1.050000E-01    1.083333E-01    1.100000E-01    1.077778E-01
    1.050000E-01    1.083333E-01    1.100000E-01    1.077778E-01
    1.050000E-01    1.083333E-01    1.100000E-01    1.077778E-01
    1.050000E-01    1.083333E-01    1.100000E-01    1.077778E-01
    1.050000E-01    1.083333E-01    1.100000E-01    1.077778E-01
    1.050000E-01    1.083333E-01    1.100000E-01    1.077778E-01
    1.050000E-01    1.083333E-01    1.100000E-01    1.077778E-01
    1.049125E-01    1.083042E-01    1.100000E-01    1.077389E-01
    1.046323E-01    1.082108E-01    1.100000E-01    1.076143E-01
    1.043520E-01    1.081173E-01    1.100000E-01    1.074898E-01
    1.040717E-01    1.080239E-01    1.100000E-01    1.073652E-01
    1.040000E-01    1.078616E-01    1.097924E-01    1.072180E-01
    1.040000E-01    1.076756E-01    1.095134E-01    1.070630E-01
    1.040000E-01    1.074896E-01    1.092344E-01    1.069080E-01
    1.040000E-01    1.073333E-01    1.090000E-01    1.067778E-01
    1.040000E-01    1.073333E-01    1.090000E-01    1.067778E-01
    1.040000E-01    1.073333E-01    1.090000E-01    1.067778E-01
    1.040000E-01    1.073333E-01    1.090000E-01    1.067778E-01
    1.040000E-01    1.073333E-01    1.090000E-01    1.067778E-01
    1.040000E-01    1.073333E-01    1.090000E-01    1.067778E-01
    1.040000E-01    1.073333E-01    1.090000E-01    1.067778E-01
    1.040000E-01    1.073333E-01    1.090000E-01    1.067778E-01
    1.040000E-01    1.073333E-01    1.090000E-01    1.067778E-01
    1.040000E-01    1.073333E-01    1.090000E-01    1.067778E-01
    1.040000E-01    1.073333E-01    1.090000E-01    1.067778E-01
    1.040000E-01    1.073333E-01    1.090000E-01    1.067778E-01
    1.040000E-01    1.073333E-01    1.090000E-01    1.067778E-01
    1.040000E-01    1.073333E-01    1.090000E-01    1.067778E-01
    1.040000E-01    1.073333E-01    1.090000E-01    1.067778E-01
    1.040000E-01    1.073333E-01    1.090000E-01    1.067778E-01
    1.040000E-01    1.073333E-01    1.090000E-01    1.067778E-01
    1.040000E-01    1.073333E-01    1.090000E-01    1.067778E-01
    1.040000E-01    1.073333E-01    1.090000E-01    1.067778E-01
    1.040000E-01    1.073333E-01    1.090000E-01    1.067778E-01
    1.040000E-01    1.073333E-01    1.090000E-01    1.067778E-01
    1.040000E-01    1.073333E-01    1.090000E-01    1.067778E-01
    1.040000E-01    1.073333E-01    1.090000E-01    1.067778E-01
    1.040000E-01    1.073333E-01    1.090000E-01    1.067778E-01
    1.040000E-01    1.073333E-01    1.090000E-01    1.067778E-01
    1.040000E-01    1.073333E-01    1.090000E-01    1.067778E-01
    1.040000E-01    1.073333E-01    1.090000E-01    1.067778E-01
    1.040000E-01    1.073333E-01    1.090000E-01    1.067778E-01
    1.040000E-01    1.073333E-01    1.090000E-01    1.067778E-01
    1.040000E-01    1.073333E-01    1.090000E-01    1.067778E-01
    1.040000E-01    1.073333E-01    1.090000E-01    1.067778E-01
    1.040000E-01    1.073333E-01    1.090000E-01    1.067778E-01
    1.040000E-01    1.073333E-01    1.090000E-01    1.067778E-01
    1.042668E-01    1.076001E-01    1.092668E-01    1.070446E-01
    1.045471E-01    1.078804E-01    1.095471E-01    1.073249E-01
    1.048273E-01    1.081607E-01    1.098273E-01    1.076051E-01
    1.050000E-01    1.083333E-01    1.100000E-01    1.077778E-01
    1.050000E-01    1.083333E-01    1.100000E-01    1.077778E-01
    1.050000E-01    1.083333E-01    1.100000E-01    1.077778E-01
    1.050000E-01    1.083333E-01    1.100000E-01    1.077778E-01
    1.050000E-01    1.083333E-01    1.100000E-01    1.077778E-01
    1.050000E-01    1.083333E-01    1.100000E-01    1.077778E-01
    1.050000E-01    1.083333E-01    1.100000E-01    1.077778E-01
    1.050000E-01    1.083333E-01    1.100000E-01    1.077778E-01
    1.050000E-01    1.083333E-01    1.100000E-01    1.077778E-01
    1.050000E-01    1.083333E-01    1.100000E-01    1.077778E-01
    1.050000E-01    1.083333E-01    1.100000E-01    1.077778E-01
    1.050000E-01    1.083333E-01    1.100000E-01    1.077778E-01
    1.050000E-01    1.083333E-01    1.100000E-01    1.077778E-01
    1.050000E-01    1.083333E-01    1.100000E-01    1.077778E-01
    1.050000E-01    1.083333E-01    1.100000E-01    1.077778E-01
    1.050000E-01    1.083333E-01    1.100000E-01    1.077778E-01
    1.050000E-01    1.083333E-01    1.100000E-01    1.077778E-01
    1.050000E-01    1.083333E-01    1.100000E-01    1.077778E-01
    1.050000E-01    1.083333E-01    1.100000E-01    1.077778E-01
    1.050000E-01    1.083333E-01    1.100000E-01    1.077778E-01
    1.050000E-01    1.083333E-01    1.100000E-01    1.077778E-01
    1.050000E-01    1.083333E-01    1.100000E-01    1.077778E-01
    1.050000E-01    1.083333E-01    1.100000E-01    1.077778E-01
    1.050000E-01    1.083333E-01    1.100000E-01    1.077778E-01
    1.050000E-01    1.083333E-01    1.100000E-01    1.077778E-01
    1.050960E-01    1.084293E-01    1.100960E-01    1.078737E-01
    1.053750E-01    1.087083E-01    1.103750E-01    1.081528E-01
    1.056540E-01    1.089873E-01    1.106540E-01    1.084318E-01
    1.059330E-01    1.092664E-01    1.109330E-01    1.087108E-01
    1.060000E-01    1.093333E-01    1.110000E-01    1.087778E-01
    1.060000E-01    1.093333E-01    1.110000E-01    1.087778E-01
    1.060000E-01    1.093333E-01    1.110000E-01    1.087778E-01
    1.060000E-01    1.093333E-01    1.110000E-01    1.087778E-01
    1.060000E-01    1.093333E-01    1.110000E-01    1.087778E-01
    1.060000E-01    1.093333E-01    1.110000E-01    1.087778E-01
    1.060000E-01    1.093333E-01    1.110000E-01    1.087778E-01
    1.060000E-01    1.093333E-01    1.110000E-01    1.087778E-01
    1.060000E-01    1.093333E-01    1.110000E-01    1.087778E-01
    1.060000E-01    1.093333E-01    1.110000E-01    1.087778E-01
    1.060000E-01    1.093333E-01    1.110000E-01    1.087778E-01
    1.060000E-01    1.093333E-01    1.110000E-01    1.087778E-01
    1.060000E-01    1.093333E-01    1.110000E-01    1.087778E-01
    1.060000E-01    1.093333E-01    1.110000E-01    1.087778E-01
    1.060000E-01    1.093333E-01    1.110000E-01    1.087778E-01
    1.060000E-01    1.093333E-01    1.110000E-01    1.087778E-01
    1.060000E-01    1.093333E-01    1.110000E-01    1.087778E-01
    1.060000E-01    1.093333E-01    1.110000E-01    1.087778E-01
    1.060000E-01    1.093333E-01    1.110000E-01    1.087778E-01
    1.060000E-01    1.093333E-01    1.110000E-01    1.087778E-01
    1.060000E-01    1.093333E-01    1.110000E-01    1.087778E-01
    1.060000E-01    1.093872E-01    1.110807E-01    1.088226E-01
    1.060000E-01    1.095740E-01    1.113610E-01    1.089783E-01
    1.060000E-01    1.097608E-01    1.116413E-01    1.091340E-01
    1.060000E-01    1.099477E-01    1.119215E-01    1.092897E-01
    1.062009E-01    1.100670E-01    1.120000E-01    1.094226E-01
    1.064799E-01    1.101600E-01    1.120000E-01    1.095466E-01
    1.067589E-01    1.102530E-01    1.120000E-01    1.096706E-01
    1.070000E-01    1.103333E-01    1.120000E-01    1.097778E-01
    1.070000E-01    1.103333E-01    1.120000E-01    1.097778E-01
    1.070000E-01    1.103333E-01    1.120000E-01    1.097778E-01
    1.070000E-01    1.103333E-01    1.120000E-01    1.097778E-01
    1.070000E-01    1.103333E-01    1.120000E-01    1.097778E-01
    1.070000E-01    1.103333E-01    1.120000E-01    1.097778E-01
    1.070000E-01    1.103333E-01    1.120000E-01    1.097778E-01
    1.070000E-01    1.103333E-01    1.120000E-01    1.097778E-01
    1.070000E-01    1.103333E-01    1.120000E-01    1.097778E-01
    1.070000E-01    1.103333E-01    1.120000E-01    1.097778E-01
    1.070000E-01    1.103333E-01    1.120000E-01    1.097778E-01
    1.071121E-01    1.104454E-01    1.121121E-01    1.098899E-01
    1.073924E-01    1.107257E-01    1.123924E-01    1.101702E-01
    1.076727E-01    1.110060E-01    1.126727E-01    1.104504E-01
    1.079529E-01    1.112863E-01    1.129529E-01    1.107307E-01
    1.080000E-01    1.113333E-01    1.130000E-01    1.107778E-01
    1.080000E-01    1.113333E-01    1.130000E-01    1.107778E-01
    1.080000E-01    1.113333E-01    1.130000E-01    1.107778E-01
    1.080000E-01    1.113333E-01    1.130000E-01    1.107778E-01
    1.080000E-01    1.113333E-01    1.130000E-01    1.107778E-01
    1.080000E-01    1.113333E-01    1.130000E-01    1.107778E-01
    1.080000E-01    1.113333E-01    1.130000E-01    1.107778E-01
    1.080000E-01    1.113333E-01    1.130000E-01    1.107778E-01
    1.080000E-01    1.113333E-01    1.130000E-01    1.107778E-01
    1.080000E-01    1.113333E-01    1.130000E-01    1.107778E-01
    1.080268E-01    1.113601E-01    1.130268E-01    1.108046E-01
    1.083058E-01    1.116391E-01    1.133058E-01    1.110836E-01
    1.085848E-01    1.119182E-01    1.135848E-01    1.113626E-01
    1.088638E-01    1.121972E-01    1.138638E-01    1.116416E-01
    1.090000E-01    1.123333E-01    1.140000E-01    1.117778E-01
    1.090000E-01    1.123333E-01    1.140000E-01    1.117778E-01
    1.090000E-01    1.123333E-01    1.140000E-01    1.117778E-01
    1.090000E-01    1.123333E-01    1.140000E-01    1.117778E-01
    1.090000E-01    1.123333E-01    1.140000E-01    1.117778E-01
    1.090000E-01    1.123333E-01    1.140000E-01    1.117778E-01
    1.090000E-01    1.123333E-01    1.140000E-01    1.117778E-01
    1.090000E-01    1.124003E-01    1.141004E-01    1.118336E-01
    1.090000E-01    1.125863E-01    1.143795E-01    1.119886E-01
    1.090000E-01    1.127723E-01    1.146585E-01    1.121436E-01
    1.090000E-01    1.129583E-01    1.149375E-01    1.122986E-01
    1.092175E-01    1.130725E-01    1.150000E-01    1.124300E-01
    1.094978E-01    1.131659E-01    1.150000E-01    1.125546E-01
    1.097780E-01    1.132593E-01    1.150000E-01    1.126791E-01
    1.100000E-01    1.133333E-01    1.150000E-01    1.127778E-01
    1.100000E-01    1.133333E-01    1.150000E-01    1.127778E-01
    1.100000E-01    1.133333E-01    1.150000E-01    1.127778E-01
    1.100000E-01    1.133333E-01    1.150000E-01    1.127778E-01
    1.100000E-01    1.134494E-01    1.151741E-01    1.128745E-01
    1.100000E-01    1.136354E-01    1.154531E-01    1.130295E-01
    1.100000E-01    1.138214E-01    1.157321E-01    1.131845E-01
    1.100112E-01    1.140037E-01    1.160000E-01    1.133383E-01
    1.102915E-01    1.140972E-01    1.160000E-01    1.134629E-01
    1.105718E-01    1.141906E-01    1.160000E-01    1.135874E-01
    1.108520E-01    1.142840E-01    1.160000E-01    1.137120E-01
    1.110000E-01    1.143333E-01    1.160000E-01    1.137778E-01
    1.110000E-01    1.143333E-01    1.160000E-01    1.137778E-01
    1.110000E-01    1.143333E-01    1.160000E-01    1.137778E-01
    1.110000E-01    1.143333E-01    1.160000E-01    1.137778E-01
    1.110000E-01    1.143333E-01    1.160000E-01    1.137778E-01
    1.110000E-01    1.143333E-01    1.160000E-01    1.137778E-01
    1.110000E-01    1.143333E-01    1.160000E-01    1.137778E-01
    1.110000E-01    1.143901E-01    1.160852E-01    1.138251E-01
    1.110000E-01    1.145770E-01    1.163654E-01    1.139808E-01
    1.110000E-01    1.147638E-01    1.166457E-01    1.141365E-01
    1.110000E-01    1.149506E-01    1.169260E-01    1.142922E-01
    1.112053E-01    1.150684E-01    1.170000E-01    1.144246E-01
    1.114844E-01    1.151614E-01    1.170000E-01    1.145486E-01
    1.117634E-01    1.152545E-01    1.170000E-01    1.146726E-01
    1.120000E-01    1.153333E-01    1.170000E-01    1.147778E-01
    1.120000E-01    1.153333E-01    1.170000E-01    1.147778E-01
    1.120000E-01    1.153333E-01    1.170000E-01    1.147778E-01
    1.120000E-01    1.153333E-01    1.170000E-01    1.147778E-01
    1.120000E-01    1.154420E-01    1.171629E-01    1.148683E-01
    1.120000E-01    1.156280E-01    1.174420E-01    1.150233E-01
    1.120000E-01    1.158140E-01    1.177210E-01    1.151783E-01
    1.120000E-01    1.160000E-01    1.180000E-01    1.153333E-01
    5.250000E-02    5.283333E-02    5.300000E-02    5.277778E-02
    5.176198E-02    5.206457E-02    5.221586E-02    5.201414E-02
    5.102396E-02    5.129580E-02    5.143171E-02    5.125049E-02
    5.044118E-02    5.068235E-02    5.080294E-02    5.064215E-02
    4.988972E-02    5.010027E-02    5.020553E-02    5.006517E-02
    4.936717E-02    4.954700E-02    4.963692E-02    4.951703E-02
    4.885979E-02    4.900887E-02    4.908340E-02    4.898402E-02
    4.835240E-02    4.848573E-02    4.855240E-02    4.846351E-02
    4.784501E-02    4.797835E-02    4.804501E-02    4.795612E-02
    4.736764E-02    4.749117E-02    4.755293E-02    4.747058E-02
    4.695403E-02    4.704692E-02    4.709337E-02    4.703144E-02
    4.654020E-02    4.660688E-02    4.664021E-02    4.659576E-02
    4.612509E-02    4.619176E-02    4.622509E-02    4.618065E-02
    4.570997E-02    4.577664E-02    4.580997E-02    4.576553E-02
    4.534118E-02    4.537795E-02    4.539633E-02    4.537182E-02
    4.497353E-02    4.497965E-02    4.498272E-02    4.497863E-02
    4.460479E-02    4.460479E-02    4.460479E-02    4.460479E-02
    4.423578E-02    4.423578E-02    4.423578E-02    4.423578E-02
    4.389594E-02    4.389594E-02    4.389594E-02    4.389594E-02
    4.357307E-02    4.357307E-02    4.357307E-02    4.357307E-02
    4.325075E-02    4.325075E-02    4.325075E-02    4.325075E-02
    4.292905E-02    4.292905E-02    4.292905E-02    4.292905E-02
    4.262030E-02    4.261144E-02    4.260701E-02    4.261291E-02
    4.234354E-02    4.230393E-02    4.228413E-02    4.231054E-02
    4.206679E-02    4.200012E-02    4.196678E-02    4.201123E-02
    4.179004E-02    4.172337E-02    4.169004E-02    4.173448E-02
    4.151329E-02    4.144663E-02    4.141330E-02    4.145774E-02
    4.128126E-02    4.121459E-02    4.118126E-02    4.122571E-02
    4.105148E-02    4.098481E-02    4.095148E-02    4.099592E-02
    4.082104E-02    4.073051E-02    4.068524E-02    4.074560E-02
    4.059041E-02    4.046912E-02    4.040849E-02    4.048934E-02
    4.038782E-02    4.027318E-02    4.021586E-02    4.029229E-02
    4.020332E-02    4.011943E-02    4.007749E-02    4.013341E-02
    4.010000E-02    4.003333E-02    4.000000E-02    4.004445E-02
    4.010000E-02    4.003333E-02    4.000000E-02    4.004445E-02
    4.011218E-02    4.003739E-02    4.000000E-02    4.004986E-02
    4.015830E-02    4.005276E-02    4.000000E-02    4.007035E-02
    4.020000E-02    4.006667E-02    4.000000E-02    4.008889E-02
    4.020000E-02    4.006667E-02    4.000000E-02    4.008889E-02
    4.020000E-02    4.006667E-02    4.000000E-02    4.008889E-02
    4.020000E-02    4.006667E-02    4.000000E-02    4.008889E-02
    4.020000E-02    4.006667E-02    4.000000E-02    4.008889E-02
    4.020000E-02    4.006667E-02    4.000000E-02    4.008889E-02
    4.020000E-02    4.006667E-02    4.000000E-02    4.008889E-02
    4.020000E-02    4.006667E-02    4.000000E-02    4.008889E-02
    4.020000E-02    4.006667E-02    4.000000E-02    4.008889E-02
    4.020000E-02    4.007941E-02    4.001912E-02    4.009951E-02
    4.020000E-02    4.011005E-02    4.006507E-02    4.012504E-02
    4.020000E-02    4.013333E-02    4.010000E-02    4.014445E-02
    4.020000E-02    4.013333E-02    4.010000E-02    4.014445E-02
    4.020000E-02    4.013333E-02    4.010000E-02    4.014445E-02
    4.020000E-02    4.013333E-02    4.010000E-02    4.014445E-02
    4.020000E-02    4.013333E-02    4.010000E-02    4.014445E-02
    4.024133E-02    4.014711E-02    4.010000E-02    4.016281E-02
    4.028746E-02    4.016249E-02    4.010000E-02    4.018332E-02
    4.030000E-02    4.016667E-02    4.010000E-02    4.018889E-02
    4.030000E-02    4.016667E-02    4.010000E-02    4.018889E-02
    4.030000E-02    4.018382E-02    4.012574E-02    4.020319E-02
    4.030000E-02    4.021446E-02    4.017169E-02    4.022872E-02
    4.030000E-02    4.023333E-02    4.020000E-02    4.024445E-02
    4.030000E-02    4.023333E-02    4.020000E-02    4.024445E-02
    4.030000E-02    4.023333E-02    4.020000E-02    4.024444E-02
    4.030000E-02    4.023333E-02    4.020000E-02    4.024445E-02
    4.030221E-02    4.023407E-02    4.020000E-02    4.024542E-02
    4.034816E-02    4.024938E-02    4.020000E-02    4.026585E-02
    4.039412E-02    4.026470E-02    4.020000E-02    4.028627E-02
    4.040000E-02    4.026666E-02    4.020000E-02    4.028888E-02
    4.040000E-02    4.026666E-02    4.020000E-02    4.028888E-02
    4.040000E-02    4.028831E-02    4.023247E-02    4.030693E-02
    4.040000E-02    4.031906E-02    4.027860E-02    4.033255E-02
    4.040000E-02    4.033333E-02    4.030000E-02    4.034444E-02
    4.040000E-02    4.033333E-02    4.030000E-02    4.034444E-02
    4.041660E-02    4.033887E-02    4.030000E-02    4.035182E-02
    4.046273E-02    4.035424E-02    4.030000E-02    4.037232E-02
    4.050000E-02    4.037257E-02    4.030886E-02    4.039381E-02
    4.050000E-02    4.040332E-02    4.035498E-02    4.041943E-02
    4.050000E-02    4.043333E-02    4.040000E-02    4.044444E-02
    4.050000E-02    4.043333E-02    4.040000E-02    4.044444E-02
    4.050000E-02    4.043333E-02    4.040000E-02    4.044444E-02
    4.053912E-02    4.044637E-02    4.040000E-02    4.046183E-02
    4.058524E-02    4.046175E-02    4.040000E-02    4.048233E-02
    4.060000E-02    4.046667E-02    4.040000E-02    4.048889E-02
    4.060000E-02    4.046667E-02    4.040000E-02    4.048889E-02
    4.060000E-02    4.048216E-02    4.042324E-02    4.050180E-02
    4.060000E-02    4.051292E-02    4.046937E-02    4.052743E-02
    4.061550E-02    4.053850E-02    4.050000E-02    4.055133E-02
    4.066163E-02    4.055388E-02    4.050000E-02    4.057183E-02
    4.070000E-02    4.057181E-02    4.050772E-02    4.059318E-02
    4.070000E-02    4.060245E-02    4.055367E-02    4.061871E-02
    4.070000E-02    4.063309E-02    4.059963E-02    4.064424E-02
    4.070000E-02    4.063334E-02    4.060000E-02    4.064445E-02
    4.070000E-02    4.063334E-02    4.060000E-02    4.064445E-02
    4.073801E-02    4.064601E-02    4.060000E-02    4.066134E-02
    4.078414E-02    4.066138E-02    4.060000E-02    4.068184E-02
    4.080000E-02    4.068677E-02    4.063015E-02    4.070564E-02
    4.080000E-02    4.071740E-02    4.067610E-02    4.073117E-02
    4.082214E-02    4.074071E-02    4.070000E-02    4.075428E-02
    4.086827E-02    4.075609E-02    4.070000E-02    4.077479E-02
    4.090000E-02    4.076667E-02    4.070000E-02    4.078889E-02
    4.090000E-02    4.076667E-02    4.070000E-02    4.078889E-02
    4.090000E-02    4.077108E-02    4.070662E-02    4.079257E-02
    4.090000E-02    4.080172E-02    4.075257E-02    4.081810E-02
    4.090000E-02    4.083235E-02    4.079853E-02    4.084362E-02
    4.094465E-02    4.084822E-02    4.080000E-02    4.086429E-02
    4.099077E-02    4.086360E-02    4.080000E-02    4.088479E-02
    4.100000E-02    4.086667E-02    4.080000E-02    4.088889E-02
    4.100000E-02    4.086667E-02    4.080000E-02    4.088889E-02
    4.102904E-02    4.089571E-02    4.082905E-02    4.091793E-02
    4.107500E-02    4.094167E-02    4.087500E-02    4.096389E-02
    4.110000E-02    4.096667E-02    4.090000E-02    4.098889E-02
    4.110000E-02    4.096667E-02    4.090000E-02    4.098889E-02
    4.110000E-02    4.097549E-02    4.091324E-02    4.099624E-02
    4.110000E-02    4.100613E-02    4.095919E-02    4.102178E-02
    4.110517E-02    4.103506E-02    4.100000E-02    4.104674E-02
    4.115129E-02    4.105043E-02    4.100000E-02    4.106724E-02
    4.119742E-02    4.106581E-02    4.100000E-02    4.108774E-02
    4.120000E-02    4.106667E-02    4.100000E-02    4.108889E-02
    4.120000E-02    4.106667E-02    4.100000E-02    4.108889E-02
    4.123566E-02    4.110233E-02    4.103566E-02    4.112455E-02
    4.128162E-02    4.114828E-02    4.108161E-02    4.117050E-02
    4.130000E-02    4.116666E-02    4.110000E-02    4.118888E-02
    4.130000E-02    4.116666E-02    4.110000E-02    4.118888E-02
    4.131993E-02    4.118659E-02    4.111993E-02    4.120881E-02
    4.136605E-02    4.123272E-02    4.116605E-02    4.125494E-02
    4.140000E-02    4.126666E-02    4.120000E-02    4.128889E-02
    4.140000E-02    4.126666E-02    4.120000E-02    4.128889E-02
    4.140406E-02    4.126802E-02    4.120000E-02    4.129069E-02
    4.145018E-02    4.128339E-02    4.120000E-02    4.131119E-02
    4.149631E-02    4.129877E-02    4.120000E-02    4.133169E-02
    4.150000E-02    4.132829E-02    4.124244E-02    4.135691E-02
    4.150000E-02    4.135904E-02    4.128856E-02    4.138253E-02
    4.149999E-02    4.136667E-02    4.130000E-02    4.138889E-02
    4.150000E-02    4.136667E-02    4.130000E-02    4.138889E-02
    4.152656E-02    4.139324E-02    4.132657E-02    4.141546E-02
    4.157269E-02    4.143936E-02    4.137269E-02    4.146158E-02
    4.160000E-02    4.146666E-02    4.140000E-02    4.148889E-02
    4.160000E-02    4.146667E-02    4.140000E-02    4.148889E-02
    4.161103E-02    4.147035E-02    4.140000E-02    4.149379E-02
    4.165699E-02    4.148567E-02    4.140000E-02    4.151422E-02
    4.170000E-02    4.150197E-02    4.140295E-02    4.153498E-02
    4.170000E-02    4.153272E-02    4.144907E-02    4.156059E-02
    4.170000E-02    4.156347E-02    4.149520E-02    4.158622E-02
    4.174118E-02    4.158039E-02    4.150000E-02    4.160719E-02
    4.178713E-02    4.159570E-02    4.150000E-02    4.162761E-02
    4.180000E-02    4.162214E-02    4.153321E-02    4.165178E-02
    4.180000E-02    4.165289E-02    4.157934E-02    4.167740E-02
    4.182546E-02    4.167515E-02    4.160000E-02    4.170020E-02
    4.187158E-02    4.169053E-02    4.160000E-02    4.172070E-02
    4.190000E-02    4.170000E-02    4.160000E-02    4.173334E-02
    4.190000E-02    4.170000E-02    4.160000E-02    4.173334E-02
    4.190959E-02    4.170959E-02    4.160960E-02    4.174292E-02
    4.195572E-02    4.175572E-02    4.165572E-02    4.178905E-02
    4.200000E-02    4.180000E-02    4.170000E-02    4.183333E-02
    4.200000E-02    4.180000E-02    4.170000E-02    4.183334E-02
    4.200000E-02    4.180000E-02    4.170000E-02    4.183334E-02
    4.204007E-02    4.184007E-02    4.174007E-02    4.187341E-02
    4.208603E-02    4.188603E-02    4.178603E-02    4.191937E-02
    4.210000E-02    4.190000E-02    4.180000E-02    4.193334E-02
    4.210000E-02    4.190000E-02    4.180000E-02    4.193334E-02
    4.212436E-02    4.192436E-02    4.182436E-02    4.195769E-02
    4.217048E-02    4.197048E-02    4.187048E-02    4.200381E-02
    4.221654E-02    4.200552E-02    4.190000E-02    4.204069E-02
    4.226250E-02    4.202083E-02    4.190000E-02    4.206111E-02
    4.230000E-02    4.203899E-02    4.190849E-02    4.208249E-02
    4.230000E-02    4.206974E-02    4.195461E-02    4.210812E-02
    4.230074E-02    4.210025E-02    4.200000E-02    4.213366E-02
    4.234686E-02    4.211562E-02    4.200000E-02    4.215416E-02
    4.239299E-02    4.213100E-02    4.200000E-02    4.217466E-02
    4.240000E-02    4.215931E-02    4.203897E-02    4.219942E-02
    4.240000E-02    4.218995E-02    4.208493E-02    4.222496E-02
    4.243100E-02    4.221033E-02    4.210000E-02    4.224711E-02
    4.247712E-02    4.222571E-02    4.210000E-02    4.226761E-02
    4.250000E-02    4.224878E-02    4.212316E-02    4.229065E-02
    4.250000E-02    4.227941E-02    4.216912E-02    4.231618E-02
    4.251513E-02    4.230504E-02    4.220000E-02    4.234006E-02
    4.256125E-02    4.232042E-02    4.220000E-02    4.236056E-02
    4.260000E-02    4.233825E-02    4.220738E-02    4.238188E-02
    4.260000E-02    4.236900E-02    4.225351E-02    4.240750E-02
    4.260000E-02    4.239975E-02    4.229963E-02    4.243313E-02
    4.264559E-02    4.241519E-02    4.230000E-02    4.245360E-02
    4.269155E-02    4.243051E-02    4.230000E-02    4.247402E-02
    4.273764E-02    4.247097E-02    4.233764E-02    4.251542E-02
    4.278377E-02    4.251710E-02    4.238376E-02    4.256154E-02
    4.280000E-02    4.253333E-02    4.240000E-02    4.257778E-02
    4.280000E-02    4.253333E-02    4.240000E-02    4.257778E-02
    4.282206E-02    4.255539E-02    4.242206E-02    4.259984E-02
    4.286801E-02    4.260135E-02    4.246802E-02    4.264579E-02
    4.290000E-02    4.263333E-02    4.250000E-02    4.267778E-02
    4.290000E-02    4.263333E-02    4.250000E-02    4.267778E-02
    4.290627E-02    4.263961E-02    4.250627E-02    4.268405E-02
    4.295240E-02    4.268573E-02    4.255240E-02    4.273017E-02
    4.299853E-02    4.273186E-02    4.259852E-02    4.277630E-02
    4.304449E-02    4.277782E-02    4.264448E-02    4.282226E-02
    4.309044E-02    4.282378E-02    4.269044E-02    4.286822E-02
    4.310000E-02    4.283334E-02    4.270000E-02    4.287778E-02
    4.310000E-02    4.283334E-02    4.270000E-02    4.287778E-02
    4.312878E-02    4.286212E-02    4.272878E-02    4.290656E-02
    4.317491E-02    4.290824E-02    4.277491E-02    4.295269E-02
    4.322096E-02    4.294032E-02    4.280000E-02    4.298710E-02
    4.326691E-02    4.295564E-02    4.280000E-02    4.300751E-02
    4.330000E-02    4.297528E-02    4.281292E-02    4.302940E-02
    4.330000E-02    4.300603E-02    4.285904E-02    4.305502E-02
    4.330515E-02    4.303848E-02    4.290514E-02    4.308292E-02
    4.335111E-02    4.308444E-02    4.295111E-02    4.312888E-02
    4.339706E-02    4.313039E-02    4.299706E-02    4.317484E-02
    4.344317E-02    4.314772E-02    4.300000E-02    4.319697E-02
    4.348930E-02    4.316310E-02    4.300000E-02    4.321747E-02
    4.350000E-02    4.319028E-02    4.303543E-02    4.324190E-02
    4.350000E-02    4.322103E-02    4.308155E-02    4.326753E-02
    4.352758E-02    4.326091E-02    4.312757E-02    4.330536E-02
    4.357353E-02    4.330686E-02    4.317353E-02    4.335131E-02
    4.361956E-02    4.333985E-02    4.320000E-02    4.338647E-02
    4.366568E-02    4.335523E-02    4.320000E-02    4.340697E-02
    4.370000E-02    4.337454E-02    4.321181E-02    4.342878E-02
    4.370000E-02    4.340529E-02    4.325793E-02    4.345441E-02
    4.370404E-02    4.343468E-02    4.330000E-02    4.347958E-02
    4.375000E-02    4.345000E-02    4.330000E-02    4.350000E-02
    4.379595E-02    4.346532E-02    4.330000E-02    4.352042E-02
    4.384207E-02    4.350873E-02    4.334207E-02    4.356429E-02
    4.388820E-02    4.355486E-02    4.338819E-02    4.361041E-02
    4.390000E-02    4.358955E-02    4.343432E-02    4.364129E-02
    4.390000E-02    4.362030E-02    4.348044E-02    4.366691E-02
    4.392647E-02    4.364216E-02    4.350000E-02    4.368954E-02
    4.397243E-02    4.365747E-02    4.350000E-02    4.370996E-02
    4.401845E-02    4.368512E-02    4.351845E-02    4.374067E-02
    4.406458E-02    4.373124E-02    4.356458E-02    4.378680E-02
    4.410000E-02    4.377380E-02    4.361070E-02    4.382817E-02
    4.410000E-02    4.380455E-02    4.365683E-02    4.385379E-02
    4.410294E-02    4.383431E-02    4.370000E-02    4.387908E-02
    4.414890E-02    4.384963E-02    4.370000E-02    4.389951E-02
    4.419485E-02    4.386495E-02    4.370000E-02    4.391993E-02
    4.424096E-02    4.390762E-02    4.374096E-02    4.396318E-02
    4.428709E-02    4.395375E-02    4.378708E-02    4.400931E-02
    4.430000E-02    4.396667E-02    4.380000E-02    4.402222E-02
    4.430000E-02    4.396667E-02    4.380000E-02    4.402222E-02
    4.432509E-02    4.399176E-02    4.382509E-02    4.404731E-02
    4.437122E-02    4.403789E-02    4.387122E-02    4.409344E-02
    4.440000E-02    4.406667E-02    4.390001E-02    4.412222E-02
    4.440000E-02    4.406667E-02    4.390000E-02    4.412222E-02
    4.440956E-02    4.406986E-02    4.390000E-02    4.412647E-02
    4.445551E-02    4.408517E-02    4.390000E-02    4.414690E-02
    4.450000E-02    4.410098E-02    4.390148E-02    4.416749E-02
    4.450000E-02    4.413173E-02    4.394760E-02    4.419311E-02
    4.450000E-02    4.416249E-02    4.399373E-02    4.421874E-02
    4.450000E-02    4.416667E-02    4.400000E-02    4.422222E-02
    4.450000E-02    4.416667E-02    4.400000E-02    4.422222E-02
    4.453198E-02    4.419865E-02    4.403199E-02    4.425420E-02
    4.457794E-02    4.424461E-02    4.407794E-02    4.430017E-02
    4.460000E-02    4.426666E-02    4.410000E-02    4.432222E-02
    4.460000E-02    4.426667E-02    4.410000E-02    4.432222E-02
    4.461623E-02    4.427208E-02    4.410000E-02    4.432944E-02
    4.466236E-02    4.428745E-02    4.410000E-02    4.434994E-02
    4.470000E-02    4.430564E-02    4.410846E-02    4.437137E-02
    4.470000E-02    4.433627E-02    4.415441E-02    4.439690E-02
    4.470037E-02    4.436679E-02    4.420000E-02    4.442239E-02
    4.474650E-02    4.438216E-02    4.420000E-02    4.444289E-02
    4.479262E-02    4.439754E-02    4.420000E-02    4.446338E-02
    4.480000E-02    4.442583E-02    4.423875E-02    4.448819E-02
    4.480000E-02    4.445658E-02    4.428487E-02    4.451382E-02
    4.483088E-02    4.447696E-02    4.430000E-02    4.453595E-02
    4.487684E-02    4.449228E-02    4.430000E-02    4.455638E-02
    4.490000E-02    4.450000E-02    4.430000E-02    4.456666E-02
    4.490000E-02    4.450000E-02    4.430000E-02    4.456666E-02
    4.490000E-02    4.451005E-02    4.431507E-02    4.457504E-02
    4.490000E-02    4.454068E-02    4.436103E-02    4.460057E-02
    4.490701E-02    4.456900E-02    4.440000E-02    4.462533E-02
    4.495314E-02    4.458438E-02    4.440000E-02    4.464583E-02
    4.499926E-02    4.459975E-02    4.440000E-02    4.466634E-02
    4.500000E-02    4.463026E-02    4.444539E-02    4.469188E-02
    4.500000E-02    4.466101E-02    4.449151E-02    4.471751E-02
    4.503750E-02    4.467917E-02    4.450000E-02    4.473889E-02
    4.508346E-02    4.469449E-02    4.450000E-02    4.475931E-02
    4.510000E-02    4.470000E-02    4.450000E-02    4.476666E-02
    4.510000E-02    4.470000E-02    4.450000E-02    4.476666E-02
    4.512177E-02    4.472177E-02    4.452177E-02    4.478844E-02
    4.516790E-02    4.476789E-02    4.456789E-02    4.483457E-02
    4.520000E-02    4.480000E-02    4.460000E-02    4.486667E-02
    4.520000E-02    4.480000E-02    4.460000E-02    4.486667E-02
    4.520591E-02    4.480590E-02    4.460590E-02    4.487257E-02
    4.525203E-02    4.485203E-02    4.465203E-02    4.491870E-02
    4.529815E-02    4.489815E-02    4.469815E-02    4.496482E-02
    4.530000E-02    4.492952E-02    4.474428E-02    4.499127E-02
    4.530000E-02    4.496027E-02    4.479041E-02    4.501689E-02
    4.533640E-02    4.497880E-02    4.480000E-02    4.503840E-02
    4.538235E-02    4.499412E-02    4.480000E-02    4.505882E-02
    4.540000E-02    4.501894E-02    4.482841E-02    4.508245E-02
    4.540000E-02    4.504969E-02    4.487454E-02    4.510808E-02
    4.542067E-02    4.507356E-02    4.490000E-02    4.513141E-02
    4.546679E-02    4.508893E-02    4.490000E-02    4.515190E-02
    4.551286E-02    4.511287E-02    4.491287E-02    4.517953E-02
    4.555883E-02    4.515883E-02    4.495882E-02    4.522549E-02
    4.560000E-02    4.520000E-02    4.500000E-02    4.526667E-02
    4.560000E-02    4.520000E-02    4.500000E-02    4.526667E-02
    4.560000E-02    4.520000E-02    4.500000E-02    4.526667E-02
    4.564301E-02    4.524302E-02    4.504301E-02    4.530968E-02
    4.568897E-02    4.528897E-02    4.508897E-02    4.535564E-02
    4.570000E-02    4.530000E-02    4.510000E-02    4.536666E-02
    4.570000E-02    4.530000E-02    4.510000E-02    4.536666E-02
    4.572731E-02    4.532731E-02    4.512731E-02    4.539397E-02
    4.577343E-02    4.537343E-02    4.517343E-02    4.544010E-02
    4.580000E-02    4.541299E-02    4.521949E-02    4.547749E-02
    4.580000E-02    4.544363E-02    4.526544E-02    4.550302E-02
    4.581144E-02    4.547048E-02    4.530000E-02    4.552731E-02
    4.585756E-02    4.548585E-02    4.530000E-02    4.554780E-02
    4.590369E-02    4.550369E-02    4.530369E-02    4.557035E-02
    4.594982E-02    4.554982E-02    4.534981E-02    4.561648E-02
    4.599594E-02    4.559594E-02    4.539594E-02    4.566261E-02
    4.600000E-02    4.560000E-02    4.540000E-02    4.566666E-02
    4.600000E-02    4.560000E-02    4.540000E-02    4.566666E-02
    4.603395E-02    4.563395E-02    4.543395E-02    4.570061E-02
    4.608008E-02    4.568007E-02    4.548007E-02    4.574674E-02
    4.610001E-02    4.570000E-02    4.550000E-02    4.576667E-02
    4.610000E-02    4.570000E-02    4.550000E-02    4.576667E-02
    4.611839E-02    4.571838E-02    4.551838E-02    4.578505E-02
    4.616434E-02    4.576434E-02    4.556434E-02    4.583101E-02
    4.621033E-02    4.581033E-02    4.561033E-02    4.587700E-02
    4.625646E-02    4.585646E-02    4.565646E-02    4.592312E-02
    4.630258E-02    4.590258E-02    4.570258E-02    4.596925E-02
    4.634871E-02    4.594871E-02    4.574870E-02    4.601537E-02
    4.639483E-02    4.599483E-02    4.579483E-02    4.606150E-02
    4.644081E-02    4.604081E-02    4.584081E-02    4.610747E-02
    4.648677E-02    4.608676E-02    4.588677E-02    4.615343E-02
    4.653284E-02    4.613284E-02    4.593284E-02    4.619951E-02
    4.657897E-02    4.617897E-02    4.597897E-02    4.624563E-02
    4.660000E-02    4.620000E-02    4.600000E-02    4.626666E-02
    4.660000E-02    4.620000E-02    4.600000E-02    4.626666E-02
    4.661697E-02    4.621697E-02    4.601697E-02    4.628364E-02
    4.666310E-02    4.626310E-02    4.606310E-02    4.632977E-02
    4.670923E-02    4.630923E-02    4.610923E-02    4.637590E-02
    4.675535E-02    4.635535E-02    4.615535E-02    4.642202E-02
    4.680147E-02    4.640147E-02    4.620147E-02    4.646814E-02
    4.684743E-02    4.644743E-02    4.624743E-02    4.651409E-02
    4.689338E-02    4.649338E-02    4.629339E-02    4.656005E-02
    4.693948E-02    4.653948E-02    4.633948E-02    4.660615E-02
    4.698561E-02    4.658561E-02    4.638560E-02    4.665227E-02
    4.703173E-02    4.663173E-02    4.643174E-02    4.669840E-02
    4.707786E-02    4.667786E-02    4.647786E-02    4.674453E-02
    4.710000E-02    4.671593E-02    4.652390E-02    4.677995E-02
    4.710000E-02    4.674657E-02    4.656985E-02    4.680547E-02
    4.711587E-02    4.677196E-02    4.660000E-02    4.682928E-02
    4.716199E-02    4.678733E-02    4.660000E-02    4.684978E-02
    4.720812E-02    4.680812E-02    4.660812E-02    4.687479E-02
    4.725424E-02    4.685424E-02    4.665424E-02    4.692091E-02
    4.730037E-02    4.690037E-02    4.670037E-02    4.696703E-02
    4.734633E-02    4.694632E-02    4.674633E-02    4.701300E-02
    4.739228E-02    4.699228E-02    4.679228E-02    4.705895E-02
    4.743838E-02    4.703838E-02    4.683837E-02    4.710504E-02
    4.748450E-02    4.708450E-02    4.688450E-02    4.715117E-02
    4.753063E-02    4.713062E-02    4.693063E-02    4.719729E-02
    4.757675E-02    4.717675E-02    4.697675E-02    4.724342E-02
    4.760000E-02    4.721519E-02    4.702279E-02    4.727933E-02
    4.760000E-02    4.724583E-02    4.706875E-02    4.730486E-02
    4.761476E-02    4.727159E-02    4.710000E-02    4.732879E-02
    4.766088E-02    4.728696E-02    4.710000E-02    4.734929E-02
    4.769301E-02    4.729768E-02    4.710000E-02    4.736356E-02
    4.764706E-02    4.728236E-02    4.710000E-02    4.734313E-02
    4.760110E-02    4.726704E-02    4.710000E-02    4.732271E-02
    4.760000E-02    4.726667E-02    4.710000E-02    4.732222E-02
    4.760000E-02    4.726667E-02    4.710000E-02    4.732222E-02
    4.760000E-02    4.724182E-02    4.706273E-02    4.730152E-02
    4.760000E-02    4.721107E-02    4.701660E-02    4.727589E-02
    4.760000E-02    4.720000E-02    4.700000E-02    4.726667E-02
    4.760000E-02    4.720000E-02    4.700000E-02    4.726667E-02
    4.760000E-02    4.720000E-02    4.700000E-02    4.726667E-02
    4.760000E-02    4.720000E-02    4.700000E-02    4.726667E-02
    4.760000E-02    4.720000E-02    4.700000E-02    4.726667E-02
    4.760000E-02    4.720000E-02    4.700000E-02    4.726667E-02
    4.759412E-02    4.719804E-02    4.700000E-02    4.726405E-02
    4.754816E-02    4.718272E-02    4.700000E-02    4.724362E-02
    4.750221E-02    4.716741E-02    4.700000E-02    4.722320E-02
    4.750000E-02    4.716667E-02    4.700000E-02    4.722222E-02
    4.750000E-02    4.716667E-02    4.700000E-02    4.722222E-02
    4.750000E-02    4.716667E-02    4.700000E-02    4.722222E-02
    4.750000E-02    4.716667E-02    4.700000E-02    4.722222E-02
    4.750000E-02    4.716667E-02    4.700000E-02    4.722222E-02
    4.750000E-02    4.716667E-02    4.700000E-02    4.722222E-02
    4.750000E-02    4.715314E-02    4.697970E-02    4.721095E-02
    4.750000E-02    4.712239E-02    4.693358E-02    4.718532E-02
    4.750000E-02    4.710000E-02    4.690000E-02    4.716666E-02
    4.750000E-02    4.710000E-02    4.690000E-02    4.716666E-02
    4.749522E-02    4.709841E-02    4.690000E-02    4.716454E-02
    4.744926E-02    4.708309E-02    4.690000E-02    4.714412E-02
    4.740331E-02    4.706777E-02    4.690000E-02    4.712370E-02
    4.740000E-02    4.706667E-02    4.690000E-02    4.712223E-02
    4.740000E-02    4.706667E-02    4.690000E-02    4.712222E-02
    4.740000E-02    4.706667E-02    4.690000E-02    4.712222E-02
    4.740000E-02    4.706667E-02    4.690000E-02    4.712222E-02
    4.740000E-02    4.706667E-02    4.690000E-02    4.712223E-02
    4.740000E-02    4.706667E-02    4.690000E-02    4.712223E-02
    4.740000E-02    4.706667E-02    4.690000E-02    4.712222E-02
    4.740000E-02    4.706667E-02    4.690000E-02    4.712223E-02
    4.740000E-02    4.706667E-02    4.690000E-02    4.712223E-02
    4.740000E-02    4.706667E-02    4.690000E-02    4.712223E-02
    4.740664E-02    4.707330E-02    4.690664E-02    4.712886E-02
    4.749889E-02    4.716556E-02    4.699889E-02    4.722111E-02
    4.759114E-02    4.725781E-02    4.709114E-02    4.731336E-02
    4.768340E-02    4.735006E-02    4.718339E-02    4.740562E-02
    4.777565E-02    4.744232E-02    4.727565E-02    4.749787E-02
    4.786765E-02    4.753431E-02    4.736765E-02    4.758987E-02
    4.795956E-02    4.762622E-02    4.745956E-02    4.768178E-02
    4.802583E-02    4.770971E-02    4.755166E-02    4.776240E-02
    4.807195E-02    4.778659E-02    4.764391E-02    4.783415E-02
    4.813616E-02    4.786950E-02    4.773616E-02    4.791394E-02
    4.822841E-02    4.796175E-02    4.782841E-02    4.800619E-02
    4.832059E-02    4.805392E-02    4.792059E-02    4.809837E-02
    4.841251E-02    4.814583E-02    4.801250E-02    4.819028E-02
    4.850443E-02    4.823776E-02    4.810443E-02    4.828221E-02
    4.859668E-02    4.833001E-02    4.819668E-02    4.837446E-02
    4.868893E-02    4.842226E-02    4.828893E-02    4.846671E-02
    4.874059E-02    4.850098E-02    4.838118E-02    4.854092E-02
    4.878671E-02    4.857786E-02    4.847343E-02    4.861267E-02
    4.886544E-02    4.866545E-02    4.856545E-02    4.869878E-02
    4.895736E-02    4.875736E-02    4.865736E-02    4.879069E-02
    4.904944E-02    4.884945E-02    4.874945E-02    4.888278E-02
    4.914170E-02    4.894169E-02    4.884170E-02    4.897503E-02
    4.923382E-02    4.903382E-02    4.893382E-02    4.906715E-02
    4.932573E-02    4.912573E-02    4.902574E-02    4.915907E-02
    4.941772E-02    4.921772E-02    4.911771E-02    4.925105E-02
    4.950996E-02    4.930997E-02    4.920996E-02    4.934330E-02
    4.960222E-02    4.940222E-02    4.930222E-02    4.943555E-02
    4.969447E-02    4.949447E-02    4.939447E-02    4.952781E-02
    4.978671E-02    4.958671E-02    4.948671E-02    4.962004E-02
    4.987868E-02    4.967868E-02    4.957867E-02    4.971201E-02
    4.997059E-02    4.977059E-02    4.967059E-02    4.980392E-02
    5.006273E-02    4.986273E-02    4.976273E-02    4.989606E-02
    5.015498E-02    4.995498E-02    4.985498E-02    4.998831E-02
    5.024724E-02    5.004723E-02    4.994723E-02    5.008057E-02
    5.033949E-02    5.013949E-02    5.003949E-02    5.017282E-02
    5.043162E-02    5.024216E-02    5.014743E-02    5.027374E-02
    5.052353E-02    5.036471E-02    5.028529E-02    5.039118E-02
    5.060775E-02    5.047958E-02    5.041550E-02    5.050094E-02
    5.065387E-02    5.055646E-02    5.050775E-02    5.057269E-02
    5.070000E-02    5.063333E-02    5.060000E-02    5.064445E-02
    5.510000E-03    5.496667E-03    5.490000E-03    5.498888E-03
    5.487387E-03    5.474054E-03    5.467387E-03    5.476276E-03
    5.474798E-03    5.464933E-03    5.460000E-03    5.466577E-03
    5.470000E-03    5.458140E-03    5.452211E-03    5.460117E-03
    5.460000E-03    5.453333E-03    5.450000E-03    5.454445E-03
    5.457020E-03    5.450353E-03    5.447020E-03    5.451465E-03
    5.450000E-03    5.443333E-03    5.440000E-03    5.444445E-03
    5.450000E-03    5.443333E-03    5.440000E-03    5.444445E-03
    5.440000E-03    5.440000E-03    5.440000E-03    5.440000E-03
    5.440000E-03    5.440000E-03    5.440000E-03    5.439999E-03
    5.440000E-03    5.440000E-03    5.440000E-03    5.440000E-03
    5.440000E-03    5.434305E-03    5.431457E-03    5.435254E-03
    5.440000E-03    5.433333E-03    5.430000E-03    5.434444E-03
    5.440000E-03    5.433333E-03    5.430000E-03    5.434444E-03
    5.440000E-03    5.437554E-03    5.436332E-03    5.437962E-03
    5.440000E-03    5.440000E-03    5.440000E-03    5.439999E-03
    5.440000E-03    5.440000E-03    5.440000E-03    5.440000E-03
    5.440000E-03    5.440000E-03    5.440000E-03    5.440000E-03
    5.440000E-03    5.440000E-03    5.440000E-03    5.440000E-03
    5.449297E-03    5.449297E-03    5.449297E-03    5.449297E-03
    5.460000E-03    5.454606E-03    5.451909E-03    5.455505E-03
    5.464495E-03    5.461498E-03    5.460000E-03    5.461998E-03
    5.470000E-03    5.468057E-03    5.467085E-03    5.468381E-03
    5.479697E-03    5.473232E-03    5.470000E-03    5.474310E-03
    5.489999E-03    5.483333E-03    5.479999E-03    5.484444E-03
    5.494874E-03    5.488208E-03    5.484874E-03    5.489318E-03
    5.507475E-03    5.500808E-03    5.497475E-03    5.501919E-03
    5.520000E-03    5.506700E-03    5.500051E-03    5.508917E-03
    5.522664E-03    5.515997E-03    5.512664E-03    5.517108E-03
    5.535252E-03    5.525084E-03    5.520000E-03    5.526779E-03
    5.547839E-03    5.534506E-03    5.527840E-03    5.536728E-03
    5.560000E-03    5.546667E-03    5.540000E-03    5.548889E-03
    5.563031E-03    5.549698E-03    5.543031E-03    5.551920E-03
    5.575628E-03    5.562295E-03    5.555628E-03    5.564517E-03
    5.588232E-03    5.569411E-03    5.560000E-03    5.572548E-03
    5.600808E-03    5.580808E-03    5.570808E-03    5.584141E-03
    5.613417E-03    5.591139E-03    5.580000E-03    5.594852E-03
    5.626010E-03    5.599343E-03    5.586010E-03    5.603788E-03
    5.630000E-03    5.609062E-03    5.598593E-03    5.612551E-03
    5.651206E-03    5.624539E-03    5.611206E-03    5.628984E-03
    5.663788E-03    5.637121E-03    5.623788E-03    5.641566E-03
    5.676382E-03    5.649716E-03    5.636382E-03    5.654160E-03
    5.697981E-03    5.665320E-03    5.648990E-03    5.670764E-03
    5.711566E-03    5.678232E-03    5.661566E-03    5.683789E-03
    5.728342E-03    5.695009E-03    5.678342E-03    5.700564E-03
    5.746768E-03    5.713435E-03    5.696768E-03    5.718991E-03
    5.759348E-03    5.726015E-03    5.709348E-03    5.731570E-03
    5.781959E-03    5.741959E-03    5.721959E-03    5.748625E-03
    5.794545E-03    5.754545E-03    5.734545E-03    5.761211E-03
    5.814271E-03    5.769514E-03    5.747135E-03    5.776973E-03
    5.829747E-03    5.783081E-03    5.759748E-03    5.790858E-03
    5.844647E-03    5.803098E-03    5.782323E-03    5.810022E-03
    5.864925E-03    5.818258E-03    5.794925E-03    5.826036E-03
    5.877526E-03    5.830859E-03    5.807525E-03    5.838636E-03
    5.900151E-03    5.846818E-03    5.820151E-03    5.855707E-03
    5.912728E-03    5.859394E-03    5.832728E-03    5.868284E-03
    5.930654E-03    5.877321E-03    5.850654E-03    5.886210E-03
    5.947930E-03    5.894597E-03    5.867930E-03    5.903486E-03
    5.970505E-03    5.910842E-03    5.881011E-03    5.920786E-03
    5.986231E-03    5.930821E-03    5.903116E-03    5.940056E-03
    6.011413E-03    5.951413E-03    5.921413E-03    5.961413E-03
    6.036582E-03    5.976582E-03    5.946582E-03    5.986582E-03
    6.061808E-03    5.995142E-03    5.961808E-03    6.006253E-03
    6.083485E-03    6.019142E-03    5.986969E-03    6.029865E-03
    6.102161E-03    6.038107E-03    6.006080E-03    6.048782E-03
    6.127373E-03    6.060706E-03    6.027373E-03    6.071818E-03
    6.152525E-03    6.085017E-03    6.051263E-03    6.096269E-03
    6.177739E-03    6.104406E-03    6.067739E-03    6.116627E-03
    6.202930E-03    6.129596E-03    6.092930E-03    6.141819E-03
    6.228091E-03    6.154758E-03    6.118091E-03    6.166980E-03
    6.251659E-03    6.172765E-03    6.133317E-03    6.185913E-03
    6.268485E-03    6.195152E-03    6.158486E-03    6.207374E-03
    6.293669E-03    6.215780E-03    6.176835E-03    6.228761E-03
    6.318888E-03    6.238888E-03    6.198888E-03    6.252221E-03
    6.344039E-03    6.264040E-03    6.224039E-03    6.277373E-03
    6.369246E-03    6.286164E-03    6.244623E-03    6.300011E-03
    6.394444E-03    6.307777E-03    6.264444E-03    6.322222E-03
    6.419598E-03    6.332931E-03    6.289598E-03    6.347375E-03
    6.432412E-03    6.350804E-03    6.310000E-03    6.364405E-03
    6.440000E-03    6.353334E-03    6.310000E-03    6.367778E-03
    6.432412E-03    6.345745E-03    6.302412E-03    6.360190E-03
    6.430001E-03    6.343334E-03    6.300000E-03    6.357778E-03
    6.430000E-03    6.341481E-03    6.297221E-03    6.356234E-03
    6.430000E-03    6.336667E-03    6.290000E-03    6.352222E-03
    6.422020E-03    6.334007E-03    6.290000E-03    6.348676E-03
    6.420000E-03    6.332963E-03    6.289444E-03    6.347469E-03
    6.420000E-03    6.326666E-03    6.280000E-03    6.342222E-03
    6.420000E-03    6.326666E-03    6.280000E-03    6.342222E-03
    6.411659E-03    6.318325E-03    6.271658E-03    6.333881E-03
    6.410000E-03    6.316666E-03    6.269999E-03    6.332222E-03
    6.406465E-03    6.313132E-03    6.266465E-03    6.328687E-03
    6.400000E-03    6.306667E-03    6.260000E-03    6.322222E-03
    6.400000E-03    6.306667E-03    6.260000E-03    6.322222E-03
    6.398687E-03    6.299562E-03    6.250001E-03    6.316083E-03
    6.390000E-03    6.294054E-03    6.246080E-03    6.310044E-03
    6.390000E-03    6.290000E-03    6.240000E-03    6.306667E-03
    6.380904E-03    6.286968E-03    6.240000E-03    6.302624E-03
    6.380000E-03    6.280000E-03    6.230000E-03    6.296667E-03
    6.380000E-03    6.280000E-03    6.230000E-03    6.296667E-03
    6.380000E-03    6.280000E-03    6.230000E-03    6.296667E-03
    6.380000E-03    6.280000E-03    6.230000E-03    6.296667E-03
    6.380000E-03    6.280000E-03    6.230000E-03    6.296667E-03
    6.380000E-03    6.280000E-03    6.230000E-03    6.296667E-03
    6.380000E-03    6.280000E-03    6.230000E-03    6.296667E-03
    6.380000E-03    6.280000E-03    6.230000E-03    6.296667E-03
    6.380000E-03    6.280000E-03    6.230000E-03    6.296667E-03
    6.380000E-03    6.280000E-03    6.230000E-03    6.296667E-03
    6.380000E-03    6.280000E-03    6.229999E-03    6.296667E-03
    6.390000E-03    6.283334E-03    6.230000E-03    6.301111E-03
    6.390000E-03    6.283334E-03    6.230000E-03    6.301111E-03
    6.390000E-03    6.283334E-03    6.230000E-03    6.301111E-03
    6.390001E-03    6.283334E-03    6.230000E-03    6.301111E-03
    6.390000E-03    6.283334E-03    6.230000E-03    6.301111E-03
    6.390001E-03    6.283334E-03    6.230000E-03    6.301111E-03
    6.390000E-03    6.283334E-03    6.230000E-03    6.301111E-03
    6.390000E-03    6.283334E-03    6.230000E-03    6.301111E-03
    6.390000E-03    6.283334E-03    6.230000E-03    6.301111E-03
    6.390000E-03    6.283334E-03    6.229999E-03    6.301111E-03
    6.383788E-03    6.281263E-03    6.230000E-03    6.298350E-03
    6.380000E-03    6.280000E-03    6.230000E-03    6.296667E-03
    6.380000E-03    6.280000E-03    6.230000E-03    6.296667E-03
    6.380000E-03    6.280000E-03    6.230000E-03    6.296667E-03
    6.373417E-03    6.273417E-03    6.223416E-03    6.290083E-03
    6.370000E-03    6.270000E-03    6.220000E-03    6.286666E-03
    6.370000E-03    6.270000E-03    6.220000E-03    6.286666E-03
    6.365628E-03    6.268543E-03    6.220000E-03    6.284724E-03
    6.360000E-03    6.262020E-03    6.213031E-03    6.278350E-03
    6.360000E-03    6.260000E-03    6.210000E-03    6.276667E-03
    6.357839E-03    6.259279E-03    6.210000E-03    6.275706E-03
    6.350000E-03    6.256666E-03    6.210000E-03    6.272221E-03
    6.350000E-03    6.251775E-03    6.202663E-03    6.268146E-03
    6.350000E-03    6.250000E-03    6.200000E-03    6.266667E-03
    6.340000E-03    6.246666E-03    6.200000E-03    6.262222E-03
    6.340000E-03    6.243249E-03    6.194875E-03    6.259374E-03
    6.332272E-03    6.237424E-03    6.190000E-03    6.253232E-03
    6.330000E-03    6.236667E-03    6.190000E-03    6.252222E-03
    6.327085E-03    6.233752E-03    6.187085E-03    6.249307E-03
    6.320000E-03    6.226667E-03    6.180000E-03    6.242223E-03
    6.320000E-03    6.226667E-03    6.180000E-03    6.242223E-03
    6.330702E-03    6.237369E-03    6.190703E-03    6.252924E-03
    6.343282E-03    6.249949E-03    6.203283E-03    6.265504E-03
    6.355879E-03    6.262545E-03    6.215879E-03    6.278101E-03
    6.368484E-03    6.275152E-03    6.228485E-03    6.290707E-03
    6.380001E-03    6.287374E-03    6.241061E-03    6.302812E-03
    6.383668E-03    6.297002E-03    6.253668E-03    6.311446E-03
    6.396263E-03    6.309596E-03    6.266262E-03    6.324040E-03
    6.408844E-03    6.322177E-03    6.278845E-03    6.336622E-03
    6.421458E-03    6.333820E-03    6.290000E-03    6.348426E-03
    6.434041E-03    6.340708E-03    6.294040E-03    6.356263E-03
    6.446633E-03    6.353301E-03    6.306633E-03    6.368855E-03
    6.459243E-03    6.365909E-03    6.319243E-03    6.381465E-03
    6.470000E-03    6.377879E-03    6.331819E-03    6.393232E-03
    6.474421E-03    6.387754E-03    6.344421E-03    6.402199E-03
    6.487020E-03    6.400353E-03    6.357020E-03    6.414797E-03
    6.499598E-03    6.412931E-03    6.369598E-03    6.427376E-03
    6.512211E-03    6.425544E-03    6.382211E-03    6.439988E-03
    6.524798E-03    6.438131E-03    6.394798E-03    6.452575E-03
    6.515227E-03    6.438409E-03    6.400000E-03    6.451212E-03
    6.450000E-03    6.396667E-03    6.370000E-03    6.405556E-03
